1101,'5334',908,,2682,7,,,0,402,,2684,7,,,0,415,,2683,7,,,0
1101,'5335',908,,2685,7,,,0,402,,2687,7,,,0,415,,2686,7,,,0
1101,'5401',930,,2688,7,,,0,379,,2690,7,,,0,510,,2689,7,,,0
1400,'5334',618,,2722,7,,,0,627,,2721,7,,,0,408,,2720,7,,,0
1400,'5335',618,,2725,7,,,0,627,,2724,7,,,0,408,,2723,7,,,0
1400,'5401',1215,,2726,5,0,5 6 2,0,438,,2727,7,,,0
4300,'5334',748,,2850,28,,,0,70,,2840,30,,,0,115,,2841,28,,,0,102,,2842,28,,,0,106,,2843,28,,,0,102,,2844,28,,,0,110,,2839,28,,,0,100,,2845,28,,,0,103,,2846,30,,,0,77,,2849,28,,,0,68,,2847,28,,,0,107,,2848,28,,,0,40,,2852,28,,,0,86,,2851,28,,,0,274,,2853,28,,,0
4300,'5335',748,,2866,28,,,0,70,,2855,30,,,0,115,,2857,28,,,0,102,,2858,28,,,0,106,,2859,28,,,0,102,,2856,28,,,0,110,,2854,28,,,0,100,,2860,28,,,0,103,,2862,30,,,0,77,,2864,28,,,0,68,,2863,28,,,0,107,,2861,28,,,0,40,,2867,28,,,0,86,,2865,28,,,0,274,,2868,28,,,0
4300,'5401',1021,,2869,28,,,0,102,,2870,28,,,0,106,,2871,28,,,0,102,,2872,28,,,0,110,,2873,28,,,0,102,,2874,28,,,0,110,,2875,28,,,0,160,,2876,28,,,0
4500,'5334',706,,2883,5,,,0,119,,2886,5,,,0,198,,2879,5,,,0,187,,2884,5,,,0,210,,2882,5,,,0,195,,2881,5,,,0,115,,2880,5,,,0,97,,2885,5,,,0,395,,2887,5,,,0
4500,'5335',706,,2892,5,,,0,119,,2895,5,,,0,198,,2888,5,,,0,187,,2893,5,,,0,210,,2891,5,,,0,195,,2890,5,,,0,115,,2889,5,,,0,97,,2894,5,,,0,395,,2896,5,,,0
4500,'5401',858,,2901,5,,,0,243,,2898,5,,,0,214,,2899,5,,,0,135,,2900,5,,,0,377,,2897,5,,,0
16400,'5399',1439,,2928,4,,,0
16400,'5401',1439,,2929,7,0,7,0
