201,'5334',738,,2476,12,,,0,70,,2475,12,,,0,30,,2477,12,,,0,70,,2478,12,,,0,30,,2479,12,,,0,70,,2480,12,,,0,30,,2481,12,,,0,70,,2482,12,,,0,30,,2484,12,,,0,70,,2483,12,,,0,30,,2485,12,,,0,70,,2486,12,,,0,30,,2488,12,,,0,70,,2487,12,,,0,30,,2489,12,,,0,70,,2490,12,,,0,30,,2491,12,,,0,70,,2492,12,,,0,30,,2493,12,,,0,70,,2495,12,,,0,30,,2494,12,,,0,75,,2496,12,,,0,25,,2497,12,,,0,100,,2499,12,,,0,100,,2500,12,,,0,100,,2498,12,,,0
201,'5335',738,,2501,12,,,0,70,,2502,12,,,0,30,,2504,12,,,0,70,,2505,12,,,0,30,,2503,12,,,0,70,,2506,12,,,0,30,,2507,12,,,0,70,,2508,12,,,0,30,,2509,12,,,0,70,,2511,12,,,0,30,,2510,12,,,0,70,,2513,12,,,0,30,,2512,12,,,0,70,,2514,12,,,0,30,,2515,12,,,0,70,,2516,12,,,0,30,,2517,12,,,0,70,,2518,12,,,0,30,,2519,12,,,0,70,,2520,12,,,0,30,,2522,12,,,0,75,,2521,12,,,0,25,,2523,12,,,0,70,,2527,12,,,0,30,,2525,12,,,0,70,,2528,12,,,0,30,,2526,12,,,0,70,,2529,12,,,0,30,,2524,12,,,0
201,'5398',738,,2537,12,,,0,100,,2539,12,,,0,100,,2540,12,,,0,100,,2530,12,,,0,100,,2531,12,,,0,100,,2532,12,,,0,100,,2533,12,,,0,100,,2535,12,,,0,100,,2534,12,,,0,100,,2536,12,,,0,100,,2538,12,,,0,100,,2542,12,,,0,100,,2543,12,,,0,100,,2541,12,,,0,100,,2544,12,,,0
201,'5401',738,,2561,12,,,0,70,,2563,12,,,0,30,,2564,12,,,0,70,,2565,12,,,0,30,,2562,12,,,0,70,,2560,12,,,0,30,,2545,12,,,0,70,,2546,12,,,0,30,,2547,12,,,0,70,,2548,12,,,0,30,,2550,12,,,0,70,,2549,12,,,0,30,,2551,12,,,0,70,,2552,12,,,0,30,,2553,12,,,0,70,,2554,12,,,0,30,,2555,12,,,0,70,,2556,12,,,0,30,,2557,12,,,0,70,,2559,12,,,0,30,,2558,12,,,0,75,,2566,12,,,0,25,,2567,12,,,0,100,,2568,12,,,0,100,,2569,12,,,0,100,,2570,12,,,0
401,'5334',614,,2670,30,,,0,20,,2669,30,,,0
401,'5335',614,,2672,30,,,0,20,,2671,30,,,0
1101,'5334',1000,,2682,11,,,0,410,,2684,14,,,0,415,,2683,14,,,0
1101,'5335',1000,,2685,11,,,0,410,,2687,14,,,0,415,,2686,14,,,0
1101,'5401',1022,,2688,11,,,0,387,,2690,14,,,0,510,,2689,14,,,0
1200,'5334',626,,2691,3,,,0,433,,2692,10,,,0,452,,2693,10,,,0,410,,2694,10,,,0
1200,'5335',626,,2695,3,,,0,433,,2696,10,,,0,452,,2697,10,,,0,410,,2698,10,,,0
1200,'5401',745,,2703,3,,,0,377,,2700,3,,,0,388,,2705,3,,,0,502,,2702,3,,,0
