201,'5334',739,,2476,13,,,0,70,,2475,13,,,0,30,,2477,13,,,0,70,,2478,13,,,0,30,,2479,13,,,0,70,,2480,13,,,0,30,,2481,13,,,0,70,,2482,13,,,0,30,,2484,13,,,0,70,,2483,13,,,0,30,,2485,13,,,0,70,,2486,13,,,0,30,,2488,13,,,0,70,,2487,13,,,0,30,,2489,13,,,0,70,,2490,13,,,0,30,,2491,13,,,0,70,,2492,13,,,0,30,,2493,13,,,0,70,,2495,13,,,0,30,,2494,13,,,0,75,,2496,13,,,0,25,,2497,13,,,0,100,,2499,13,,,0,100,,2500,13,,,0,100,,2498,13,,,0
201,'5335',739,,2501,13,,,0,70,,2502,13,,,0,30,,2504,13,,,0,70,,2505,13,,,0,30,,2503,13,,,0,70,,2506,13,,,0,30,,2507,13,,,0,70,,2508,13,,,0,30,,2509,13,,,0,70,,2511,13,,,0,30,,2510,13,,,0,70,,2513,13,,,0,30,,2512,13,,,0,70,,2514,13,,,0,30,,2515,13,,,0,70,,2516,13,,,0,30,,2517,13,,,0,70,,2518,13,,,0,30,,2519,13,,,0,70,,2520,13,,,0,30,,2522,13,,,0,75,,2521,13,,,0,25,,2523,13,,,0,70,,2527,13,,,0,30,,2525,13,,,0,70,,2528,13,,,0,30,,2526,13,,,0,70,,2529,13,,,0,30,,2524,13,,,0
201,'5398',739,,2537,13,,,0,100,,2539,13,,,0,100,,2540,13,,,0,100,,2530,13,,,0,100,,2531,13,,,0,100,,2532,13,,,0,100,,2533,13,,,0,100,,2535,13,,,0,100,,2534,13,,,0,100,,2536,13,,,0,100,,2538,13,,,0,100,,2542,13,,,0,100,,2543,13,,,0,100,,2541,13,,,0,100,,2544,13,,,0
201,'5401',739,,2561,13,,,0,70,,2563,13,,,0,30,,2564,13,,,0,70,,2565,13,,,0,30,,2562,13,,,0,70,,2560,13,,,0,30,,2545,13,,,0,70,,2546,13,,,0,30,,2547,13,,,0,70,,2548,13,,,0,30,,2550,13,,,0,70,,2549,13,,,0,30,,2551,13,,,0,70,,2552,13,,,0,30,,2553,13,,,0,70,,2554,13,,,0,30,,2555,13,,,0,70,,2556,13,,,0,30,,2557,13,,,0,70,,2559,13,,,0,30,,2558,13,,,0,75,,2566,13,,,0,25,,2567,13,,,0,100,,2568,13,,,0,100,,2569,13,,,0,100,,2570,13,,,0
401,'5334',615,,2670,31,,,0,20,,2669,31,,,0
401,'5335',615,,2672,31,,,0,20,,2671,31,,,0
1101,'5334',1000,,2682,12,,,0,410,,2684,15,,,0,415,,2683,15,,,0
1101,'5335',1000,,2685,12,,,0,410,,2687,15,,,0,415,,2686,15,,,0
1101,'5401',1022,,2688,12,,,0,387,,2690,15,,,0,510,,2689,15,,,0
1200,'5334',627,,2691,4,,,0,473,,2692,11,,,0,412,,2693,11,,,0,410,,2694,11,,,0
1200,'5335',627,,2695,4,,,0,473,,2696,11,,,0,412,,2697,11,,,0,410,,2698,11,,,0
1200,'5401',746,,2703,4,,,0,377,,2700,4,,,0,388,,2705,4,,,0,502,,2702,4,,,0
