1100,'5334',1524,,2675,2,,,0
1100,'5335',1524,,2678,2,,,0
1101,'5334',1002,,2682,14,,,0,410,,2684,17,,,0,415,,2683,17,,,0
1101,'5335',1002,,2685,14,,,0,410,,2687,17,,,0,415,,2686,17,,,0
1101,'5401',1024,,2688,14,,,0,387,,2690,17,,,0,510,,2689,17,,,0
9900,'5334',1532,,2910,4,,,0
9900,'5335',1532,,2911,4,,,0
1000100,'5334',700,,2948,2,,,0,100,,2936,2,,,0,100,,2934,2,,,0,100,,2937,2,,,0,100,,2935,2,,,0,100,,2938,2,,,0,100,,2939,2,,,0,100,,2940,2,,,0,100,,2943,2,,,0,100,,2944,2,,,0,100,,2945,2,,,0,100,,2941,2,,,0,100,,2942,2,,,0,100,,2946,2,,,0,105,,2947,2,,,0
1000100,'5335',700,,2961,2,,,0,100,,2950,2,,,0,100,,2951,2,,,0,100,,2949,2,,,0,100,,2952,2,,,0,100,,2954,2,,,0,100,,2955,2,,,0,100,,2956,2,,,0,100,,2953,2,,,0,100,,2958,2,,,0,100,,2960,2,,,0,100,,2957,2,,,0,100,,2959,2,,,0,100,,2962,2,,,0,105,,2963,2,,,0
1000100,'5398',800,,2972,2,,,0,100,,2975,2,,,0,100,,2977,2,,,0,100,,2964,2,,,0,100,,2965,2,,,0,100,,2966,2,,,0,100,,2967,2,,,0,100,,2968,2,,,0,100,,2969,2,,,0,100,,2970,2,,,0,105,,2974,2,,,0,95,,2973,2,,,0,100,,2976,2,,,0,100,,2971,2,,,0
1000100,'5401',800,,2987,2,,,0,100,,2988,2,,,0,100,,2985,2,,,0,100,,2979,2,,,0,100,,2982,2,,,0,100,,2978,2,,,0,100,,2983,2,,,0,100,,2984,2,,,0,100,,2980,2,,,0,100,,2981,2,,,0,105,,2986,2,,,0,95,,2990,2,,,0,100,,2989,2,,,0,105,,2991,2,,,0
2000101,'5334',830,,2993,2,,,0,100,,2992,2,,,0,100,,2994,2,,,0,100,,2996,2,,,0,100,,2997,2,,,0,100,,2998,2,,,0,100,,2995,2,,,0,100,,2999,2,,,0,100,,3000,2,,,0,100,,3001,2,,,0,105,,3002,2,,,0
2000101,'5335',830,,3003,2,,,0,100,,3004,2,,,0,100,,3006,2,,,0,100,,3007,2,,,0,100,,3008,2,,,0,100,,3005,2,,,0,100,,3009,2,,,0,100,,3010,2,,,0,100,,3011,2,,,0,100,,3012,2,,,0,105,,3013,2,,,0,95,,3014,2,,,0,100,,3015,2,,,0
2000101,'5401',830,,3024,2,,,0,100,,3025,2,,,0,100,,3016,2,,,0,100,,3017,2,,,0,100,,3018,2,,,0,100,,3019,2,,,0,100,,3020,2,,,0,100,,3021,2,,,0,100,,3023,2,,,0,100,,3022,2,,,0,100,,3026,2,,,0
