1301,'5334',1329,,2714,6,0,8,0,310,,2715,6,0,8,0
1301,'5335',1329,,2717,6,0,8,0,310,,2718,6,0,8,0
1301,'5401',1604,,2719,6,0,8,0
4200,'5334',806,,2811,9,,,0,24,,2816,9,,,0,173,,2814,9,,,0,117,,2813,9,,,0,30,,2812,9,,,0,161,,2810,9,,,0,210,,2809,9,,,0,180,,2818,9,,,0,102,,2817,9,,,0,326,,2819,9,,,0
4200,'5335',806,,2823,9,,,0,24,,2826,9,,,0,173,,2821,9,,,0,117,,2825,9,,,0,30,,2824,9,,,0,161,,2822,9,,,0,210,,2820,9,,,0,180,,2829,9,,,0,102,,2828,9,,,0,326,,2830,9,,,0
4200,'5401',1016,,2835,9,,,0,26,,2838,9,,,0,105,,2832,9,,,0,104,,2837,9,,,0,150,,2836,9,,,0,30,,2831,9,,,0,105,,2833,9,,,0,172,,2834,9,,,0
4400,'5334',1544,,2877,11,,,0
4400,'5335',1544,,2878,11,,,0
4601,'5334',757,,2903,6,,,0,755,,2904,6,,,0,308,,2902,6,,,0,235,,2905,6,,,0
4601,'5335',757,,2907,6,,,0,755,,2908,6,,,0,308,,2906,6,,,0,235,,2909,6,,,0
