201,'5334',740,,2476,14,,,0,70,,2475,14,,,0,30,,2477,14,,,0,70,,2478,14,,,0,30,,2479,14,,,0,70,,2480,14,,,0,30,,2481,14,,,0,70,,2482,14,,,0,30,,2484,14,,,0,70,,2483,14,,,0,30,,2485,14,,,0,70,,2486,14,,,0,30,,2488,14,,,0,70,,2487,14,,,0,30,,2489,14,,,0,70,,2490,14,,,0,30,,2491,14,,,0,70,,2492,14,,,0,30,,2493,14,,,0,70,,2495,14,,,0,30,,2494,14,,,0,75,,2496,14,,,0,25,,2497,14,,,0,100,,2499,14,,,0,100,,2500,14,,,0,100,,2498,14,,,0
201,'5335',740,,2501,14,,,0,70,,2502,14,,,0,30,,2504,14,,,0,70,,2505,14,,,0,30,,2503,14,,,0,70,,2506,14,,,0,30,,2507,14,,,0,70,,2508,14,,,0,30,,2509,14,,,0,70,,2511,14,,,0,30,,2510,14,,,0,70,,2513,14,,,0,30,,2512,14,,,0,70,,2514,14,,,0,30,,2515,14,,,0,70,,2516,14,,,0,30,,2517,14,,,0,70,,2518,14,,,0,30,,2519,14,,,0,70,,2520,14,,,0,30,,2522,14,,,0,75,,2521,14,,,0,25,,2523,14,,,0,70,,2527,14,,,0,30,,2525,14,,,0,70,,2528,14,,,0,30,,2526,14,,,0,70,,2529,14,,,0,30,,2524,14,,,0
201,'5398',740,,2537,14,,,0,100,,2539,14,,,0,100,,2540,14,,,0,100,,2530,14,,,0,100,,2531,14,,,0,100,,2532,14,,,0,100,,2533,14,,,0,100,,2535,14,,,0,100,,2534,14,,,0,100,,2536,14,,,0,100,,2538,14,,,0,100,,2542,14,,,0,100,,2543,14,,,0,100,,2541,14,,,0,100,,2544,14,,,0
201,'5401',740,,2561,14,,,0,70,,2563,14,,,0,30,,2564,14,,,0,70,,2565,14,,,0,30,,2562,14,,,0,70,,2560,14,,,0,30,,2545,14,,,0,70,,2546,14,,,0,30,,2547,14,,,0,70,,2548,14,,,0,30,,2550,14,,,0,70,,2549,14,,,0,30,,2551,14,,,0,70,,2552,14,,,0,30,,2553,14,,,0,70,,2554,14,,,0,30,,2555,14,,,0,70,,2556,14,,,0,30,,2557,14,,,0,70,,2559,14,,,0,30,,2558,14,,,0,75,,2566,14,,,0,25,,2567,14,,,0,100,,2568,14,,,0,100,,2569,14,,,0,100,,2570,14,,,0
401,'5334',616,,2670,32,,,0,20,,2669,32,,,0
401,'5335',616,,2672,32,,,0,20,,2671,32,,,0
1101,'5334',1000,,2682,13,,,0,410,,2684,16,,,0,415,,2683,16,,,0
1101,'5335',1000,,2685,13,,,0,410,,2687,16,,,0,415,,2686,16,,,0
1101,'5401',1022,,2688,13,,,0,387,,2690,16,,,0,510,,2689,16,,,0
1200,'5334',627,,2691,5,,,0,473,,2692,12,,,0,412,,2693,12,,,0,410,,2694,12,,,0
1200,'5335',627,,2695,5,,,0,473,,2696,12,,,0,412,,2697,12,,,0,410,,2698,12,,,0
1200,'5401',746,,2703,5,,,0,377,,2700,5,,,0,388,,2705,5,,,0,502,,2702,5,,,0
