1100,'5334',753,,2673,13,4,,0,476,,2674,13,4,,0,402,,2675,18,4,,0
1100,'5335',753,,2676,13,4,,0,476,,2677,13,4,,0,402,,2678,18,4,,0
1100,'5401',912,,2679,13,4,,0,337,,2681,13,4,,0,389,,2680,13,4,,0
1101,'5334',858,,2682,1,,,0,442,,2684,1,,,0,415,,2683,1,,,0
1101,'5335',858,,2685,1,,,0,442,,2687,1,,,0,415,,2686,1,,,0
1101,'5401',920,,2688,1,,,0,339,,2690,1,,,0,550,,2689,1,,,0
1300,'5334',853,,2706,12,4,,0,559,,2707,2,4,,0,310,,2708,2,4,,0
1300,'5335',853,,2709,12,4,,0,559,,2710,2,4,,0,310,,2711,2,4,,0
1300,'5401',1647,,2712,2,4,,0
1301,'5334',805,,2713,1,0,8,0,520,,2714,1,0,8,0,310,,2715,1,0,8,0
1301,'5335',805,,2716,1,0,8,0,520,,2717,1,0,8,0,310,,2718,1,0,8,0
1301,'5401',1600,,2719,1,0,8,0
1400,'5334',611,,2722,1,,,0,112,,2722,26,4,,0,512,,2721,1,,,0,105,,2721,19,4,,0,303,,2720,1,,,0,114,,2720,26,4,,0
1400,'5335',611,,2725,1,,,0,112,,2725,26,4,,0,512,,2724,1,,,0,105,,2724,19,4,,0,303,,2723,1,,,0,114,,2723,26,4,,0
1400,'5401',1210,,2726,1,0,5 6 2,0,29,,2726,16,4,,0,404,,2727,1,,,0,114,,2728,8,4,,0
4100,'5334',755,,2763,19,4,,0,155,,2757,19,4,,0,102,,2758,19,4,,0,102,,2759,19,4,,0,106,,2760,19,4,,0,102,,2761,19,4,,0,110,,2762,19,4,,0,206,,2756,19,4,,0,102,,2755,19,4,,0,108,,2765,19,4,,0,275,,2764,19,4,,0
4100,'5335',755,,2774,19,4,,0,155,,2768,19,4,,0,102,,2770,19,4,,0,102,,2771,19,4,,0,106,,2772,19,4,,0,102,,2773,19,4,,0,110,,2769,19,4,,0,206,,2767,19,4,,0,102,,2766,19,4,,0,108,,2775,19,4,,0,275,,2776,19,4,,0
4100,'5401',1100,,2777,19,4,,0,102,,2778,19,4,,0,106,,2779,19,4,,0,102,,2780,19,4,,0,110,,2781,19,4,,0,105,,2782,19,4,,0,125,,2783,19,4,,0
4101,'5334',725,,2792,1,,,0,115,,2785,1,,,0,102,,2786,1,,,0,102,,2787,1,,,0,106,,2788,1,,,0,102,,2789,1,,,0,150,,2790,1,,,0,206,,2791,1,,,0,102,,2784,1,,,0
4101,'5335',725,,2801,1,,,0,115,,2794,1,,,0,102,,2795,1,,,0,102,,2796,1,,,0,106,,2797,1,,,0,102,,2798,1,,,0,150,,2799,1,,,0,206,,2800,1,,,0,102,,2793,1,,,0
4101,'5401',1030,,2802,1,,,0,102,,2803,1,,,0,106,,2804,1,,,0,102,,2805,1,,,0,110,,2806,1,,,0,102,,2807,1,,,0,168,,2808,1,,,0
4200,'5334',800,,2811,1,,,0,16,,2811,25,4,,0,5,,2815,1,,,0,3,,2816,1,,,0,16,,2816,25,4,,0,117,,2814,1,,,0,61,,2814,28,4,,0,96,,2813,1,,,0,16,,2813,25,4,,0,14,,2812,1,,,0,61,,2812,28,4,,0,100,,2810,1,,,0,16,,2810,25,4,,0,194,,2809,1,,,0,16,,2809,25,4,,0,124,,2818,1,,,0,56,,2818,25,4,,0,46,,2817,1,,,0,56,,2817,25,4,,0,310,,2819,1,,,0,16,,2819,25,4,,0
4200,'5335',800,,2823,1,,,0,16,,2823,25,4,,0,5,,2827,1,,,0,3,,2826,1,,,0,16,,2826,25,4,,0,117,,2821,1,,,0,61,,2821,28,4,,0,96,,2825,1,,,0,16,,2825,25,4,,0,14,,2824,1,,,0,61,,2824,28,4,,0,100,,2822,1,,,0,16,,2822,25,4,,0,194,,2820,1,,,0,16,,2820,25,4,,0,124,,2829,1,,,0,56,,2829,25,4,,0,46,,2828,1,,,0,56,,2828,25,4,,0,310,,2830,1,,,0,16,,2830,25,4,,0
4200,'5401',1010,,2835,1,,,0,20,,2835,27,4,,0,6,,2838,1,,,0,16,,2838,25,4,,0,89,,2832,1,,,0,60,,2832,27,4,,0,44,,2837,1,,,0,56,,2837,25,4,,0,54,,2836,1,,,0,60,,2836,27,4,,0,10,,2831,1,,,0,16,,2831,25,4,,0,89,,2833,1,,,0,20,,2833,27,4,,0,152,,2834,1,,,0,20,,2834,27,4,,0
4300,'5334',725,,2850,1,,,0,28,,2840,1,,,0,1,,2850,29,4,,0,70,,2840,31,4,,0,86,,2841,1,,,0,29,,2841,29,4,,0,73,,2842,1,,,0,29,,2842,29,4,,0,77,,2843,1,,,0,29,,2843,29,4,,0,73,,2844,1,,,0,29,,2844,29,4,,0,81,,2839,1,,,0,29,,2839,29,4,,0,71,,2845,1,,,0,29,,2845,29,4,,0,72,,2846,1,,,0,71,,2846,31,4,,0,8,,2849,1,,,0,28,,2847,1,,,0,1,,2849,29,4,,0,68,,2847,29,4,,0,38,,2848,1,,,0,69,,2848,29,4,,0,11,,2852,1,,,0,29,,2852,29,4,,0,57,,2851,1,,,0,29,,2851,29,4,,0,205,,2853,1,,,0,69,,2853,29,4,,0
4300,'5335',725,,2866,1,,,0,28,,2855,1,,,0,1,,2866,29,4,,0,70,,2855,31,4,,0,86,,2857,1,,,0,29,,2857,29,4,,0,73,,2858,1,,,0,29,,2858,29,4,,0,77,,2859,1,,,0,29,,2859,29,4,,0,73,,2856,1,,,0,29,,2856,29,4,,0,81,,2854,1,,,0,29,,2854,29,4,,0,71,,2860,1,,,0,29,,2860,29,4,,0,72,,2862,1,,,0,71,,2862,31,4,,0,8,,2864,1,,,0,28,,2863,1,,,0,1,,2864,29,4,,0,68,,2863,29,4,,0,38,,2861,1,,,0,69,,2861,29,4,,0,11,,2867,1,,,0,29,,2867,29,4,,0,57,,2865,1,,,0,29,,2865,29,4,,0,205,,2868,1,,,0,69,,2868,29,4,,0
4300,'5401',958,,2869,1,,,0,69,,2869,29,4,,0,73,,2870,1,,,0,29,,2870,29,4,,0,77,,2871,1,,,0,29,,2871,29,4,,0,73,,2872,1,,,0,29,,2872,29,4,,0,81,,2873,1,,,0,29,,2873,29,4,,0,73,,2874,1,,,0,29,,2874,29,4,,0,81,,2875,1,,,0,29,,2875,29,4,,0,91,,2876,1,,,0,69,,2876,29,4,,0
4400,'5334',1535,,2877,1,,,0,69,,2877,36,4,,0
4400,'5335',1535,,2878,1,,,0,69,,2878,36,4,,0
4500,'5334',701,,2883,1,,,0,47,,2883,28,4,,0,72,,2886,1,,,0,87,,2886,28,4,,0,111,,2879,1,,,0,96,,2879,37,4,,0,91,,2884,1,,,0,44,,2884,30,4,,0,166,,2882,1,,,0,96,,2882,37,4,,0,99,,2881,1,,,0,44,,2881,30,4,,0,71,,2880,1,,,0,96,,2880,37,4,,0,1,,2885,1,,,0,84,,2885,30,4,,0,311,,2887,1,,,0,96,,2887,37,4,,0
4500,'5335',701,,2892,1,,,0,47,,2892,28,4,,0,72,,2895,1,,,0,87,,2895,28,4,,0,111,,2888,1,,,0,96,,2888,37,4,,0,91,,2893,1,,,0,44,,2893,30,4,,0,166,,2891,1,,,0,96,,2891,37,4,,0,99,,2890,1,,,0,44,,2890,30,4,,0,71,,2889,1,,,0,96,,2889,37,4,,0,1,,2894,1,,,0,84,,2894,30,4,,0,311,,2896,1,,,0,96,,2896,37,4,,0
4500,'5401',853,,2901,1,,,0,99,,2901,37,4,,0,104,,2898,1,,,0,84,,2898,30,4,,0,170,,2899,1,,,0,44,,2899,30,4,,0,91,,2900,1,,,0,84,,2900,30,4,,0,293,,2897,1,,,0,96,,2897,37,4,,0
4601,'5334',754,,2903,1,,,0,65,,2903,28,4,,0,690,,2904,1,,,0,25,,2904,28,4,,0,283,,2902,1,,,0,235,,2905,1,,,0
4601,'5335',754,,2907,1,,,0,65,,2907,28,4,,0,690,,2908,1,,,0,25,,2908,28,4,,0,283,,2906,1,,,0,235,,2909,1,,,0
16400,'5399',1430,,2928,1,,,0
16400,'5401',1357,,2929,1,0,7,0,73,,2929,4,0,7,0
16401,'5399',1045,,2931,30,4,,0
16401,'5401',1045,,2933,30,4,,0,1,,2932,13,,,0,73,,2932,16,4,,0
