3100,'5399',1030,,2732,1,,,0,385,,2730,1,,,0,225,,2729,1,,,0
3100,'5401',1030,,2736,1,,,0,385,,2733,1,,,0,225,,2735,1,,,0
3101,'5399',1015,,2741,16,4,,0,385,,2739,16,4,,0,225,,2737,18,4,,0
3101,'5401',1015,,2746,16,4,,0,385,,2744,16,4,,0,225,,2742,18,4,,0
16300,'5335',739,,2912,8,4,,0,463,,2915,18,4,,0,418,,2913,18,4,,0,410,,2914,18,4,,0
16300,'5400',739,,2919,8,4,,0,463,,2918,18,4,,0,418,,2916,18,4,,0,410,,2917,18,4,,0
16301,'5335',747,,2920,1,,,0,468,,2921,1,,,0,415,,2922,1,,,0,407,,2923,1,0,9 7,0
16301,'5400',747,,2925,1,,,0,468,,2927,1,,,0,415,,2926,1,,,0,407,,2924,1,0,9 7,0
16400,'5399',1748,,2928,32,4,,0
16400,'5401',1748,,2930,32,4,,0
16401,'5399',730,,2931,1,,,0
16401,'5401',730,,2933,1,,,0
