3100,'5399',1053,,2732,7,,,0,180,,2731,3,0,9 7,0,205,,2730,7,,,0,265,,2729,7,,,0
3100,'5401',1053,,2736,7,,,0,180,,2734,3,0,9 7,0,205,,2733,7,,,0,265,,2735,7,,,0
3101,'5399',955,,2741,13,,,0,385,,2739,13,,,0,265,,2737,15,,,0
3101,'5401',955,,2746,13,,,0,385,,2744,13,,,0,265,,2742,15,,,0
3201,'5335',1748,,2751,3,,,0
3201,'5400',1748,,2753,3,,,0
16300,'5335',1142,,2915,16,,,0,458,,2913,16,,,0,410,,2914,16,,,0
16300,'5400',1142,,2918,16,,,0,458,,2916,16,,,0,410,,2917,16,,,0
16301,'5335',810,,2920,7,,,0,428,,2921,7,,,0,415,,2922,7,,,0
16301,'5400',810,,2925,7,,,0,428,,2927,7,,,0,415,,2926,7,,,0
16400,'5399',1728,,2928,29,,,0
16400,'5401',1728,,2930,29,,,0
16401,'5399',753,,2931,7,,,0
16401,'5401',753,,2933,7,,,0
