301,'5334',646,,2597,3,,,0,100,,2571,3,,,0,70,,2572,3,,,0,30,,2575,3,,,0,70,,2573,3,,,0,30,,2574,3,,,0,70,,2576,3,,,0,30,,2577,3,,,0,70,,2578,3,,,0,30,,2579,3,,,0,70,,2580,3,,,0,30,,2581,3,,,0,70,,2582,3,,,0,30,,2583,3,,,0,70,,2584,3,,,0,30,,2585,3,,,0,70,,2586,3,,,0,30,,2588,3,,,0,70,,2587,3,,,0,30,,2589,3,,,0,70,,2590,3,,,0,30,,2591,3,,,0,75,,2592,3,,,0,25,,2593,3,,,0,100,,2594,3,,,0,100,,2595,3,,,0,100,,2596,3,,,0
301,'5335',646,,2622,3,,,0,100,,2598,3,,,0,70,,2599,3,,,0,30,,2601,3,,,0,70,,2600,3,,,0,30,,2602,3,,,0,70,,2603,3,,,0,30,,2604,3,,,0,70,,2605,3,,,0,30,,2606,3,,,0,70,,2607,3,,,0,30,,2608,3,,,0,70,,2609,3,,,0,30,,2610,3,,,0,70,,2611,3,,,0,30,,2612,3,,,0,70,,2613,3,,,0,30,,2614,3,,,0,70,,2615,3,,,0,30,,2616,3,,,0,70,,2617,3,,,0,30,,2618,3,,,0,75,,2619,3,,,0,25,,2620,3,,,0,70,,2625,3,,,0,30,,2623,3,,,0,70,,2626,3,,,0,30,,2624,3,,,0,70,,2627,3,,,0,30,,2621,3,,,0
301,'5398',746,,2635,3,,,0,100,,2636,3,,,0,100,,2637,3,,,0,100,,2628,3,,,0,100,,2629,3,,,0,100,,2630,3,,,0,100,,2631,3,,,0,100,,2632,3,,,0,100,,2633,3,,,0,100,,2634,3,,,0,100,,2638,3,,,0,100,,2639,3,,,0,100,,2640,3,,,0,100,,2641,3,,,0,100,,2642,3,,,0
301,'5401',746,,2658,3,,,0,70,,2661,3,,,0,30,,2662,3,,,0,70,,2660,3,,,0,30,,2659,3,,,0,70,,2663,3,,,0,30,,2643,3,,,0,70,,2644,3,,,0,30,,2645,3,,,0,70,,2646,3,,,0,30,,2648,3,,,0,70,,2649,3,,,0,30,,2650,3,,,0,70,,2652,3,,,0,30,,2647,3,,,0,70,,2651,3,,,0,30,,2653,3,,,0,70,,2654,3,,,0,30,,2655,3,,,0,70,,2656,3,,,0,30,,2657,3,,,0,70,,2664,3,,,0,30,,2665,3,,,0,100,,2666,3,,,0,100,,2667,3,,,0,100,,2668,3,,,0
1100,'5334',1524,,2675,4,,,0
1100,'5335',1524,,2678,4,,,0
1101,'5334',1003,,2682,16,,,0,410,,2684,19,,,0,415,,2683,19,,,0
1101,'5335',1003,,2685,16,,,0,410,,2687,19,,,0,415,,2686,19,,,0
1101,'5401',1025,,2688,16,,,0,387,,2690,19,,,0,510,,2689,19,,,0
9900,'5334',1533,,2910,6,,,0
9900,'5335',1533,,2911,6,,,0
