3100,'5015',1107,,2182,14,,,0,140,,2180,10,4,,0,205,,2179,14,,,0,265,,2181,14,,,0
3100,'5212',1107,,2186,14,,,0,140,,2185,10,4,,0,205,,2184,14,,,0,265,,2183,14,,,0
3101,'5015',935,,2191,1,,,0,265,,2190,3,0,7,0,120,,2189,1,,,0,225,,2188,3,,,0,265,,2187,3,4,,0
3101,'5212',935,,2196,1,,,0,265,,2195,3,0,7,0,120,,2194,1,,,0,225,,2192,3,,,0,265,,2193,3,4,,0
3200,'4623',1244,,2198,6,,,0,690,,2197,6,,,0
3200,'5397',1244,,2200,6,,,0,690,,2199,6,,,0
3201,'4623',1115,,2202,1,,,0,685,,2201,10,,,0
3201,'5397',1115,,2204,1,,,0,685,,2203,10,,,0
16300,'4623',710,,2360,1,,,0,410,10,2363,5,,,0,418,10,2361,5,,,0,410,10,2362,5,,,0
16300,'5397',710,,2367,1,,,0,410,10,2366,5,,,0,418,10,2364,5,,,0,410,10,2365,5,,,0
16301,'4623',836,10,2368,13,,,0,468,50,2369,13,,,0,415,10,2370,13,,,0,384,,2371,8,4,,0
16301,'5397',836,10,2375,13,,,0,468,50,2373,13,,,0,415,10,2372,13,,,0,384,,2374,8,4,,0
16400,'5015',1706,,2376,20,0,7,0
16400,'5212',1706,,2378,17,,,0
16401,'5015',809,,2380,14,,,0
16401,'5212',809,,2381,14,,,0
