3100,'5399',1103,,2732,12,,,0,140,,2731,8,0,9 7,0,205,,2730,12,,,0,265,,2729,12,,,0
3100,'5401',1103,,2736,12,,,0,140,,2734,8,0,9 7,0,205,,2733,12,,,0,265,,2735,12,,,0
3101,'5399',939,,2741,3,,,0,265,,2740,5,0,7,0,120,,2739,3,,,0,225,,2737,5,,,0
3101,'5401',939,,2746,3,,,0,265,,2745,5,0,7,0,120,,2744,3,,,0,225,,2742,5,,,0
3200,'5335',1247,,2748,8,,,0,690,,2747,8,,,0
3200,'5400',1247,,2750,8,,,0,690,,2749,8,,,0
3201,'5335',1757,,2751,8,,,0
3201,'5400',1757,,2753,8,,,0
16400,'5399',1710,,2928,19,,,0
16400,'5401',1710,,2929,22,0,7,0
16401,'5399',805,,2931,12,,,0
16401,'5401',805,,2933,12,,,0
