1101,'5334',859,,2682,2,,,0,442,,2684,2,,,0,415,,2683,2,,,0
1101,'5335',859,,2685,2,,,0,442,,2687,2,,,0,415,,2686,2,,,0
1101,'5401',921,,2688,2,,,0,379,,2690,2,,,0,510,,2689,2,,,0
1301,'5334',806,,2713,2,0,8,0,520,,2714,2,0,8,0,310,,2715,2,0,8,0
1301,'5335',806,,2716,2,0,8,0,520,,2717,2,0,8,0,310,,2718,2,0,8,0
1301,'5401',1601,,2719,2,0,8,0
1400,'5334',612,,2722,2,,,0,624,,2721,2,,,0,408,,2720,2,,,0
1400,'5335',612,,2725,2,,,0,624,,2724,2,,,0,408,,2723,2,,,0
1400,'5401',1211,,2726,2,0,5 6 2,0,433,,2727,2,,,0
4101,'5334',725,,2792,2,,,0,115,,2785,2,,,0,102,,2786,2,,,0,102,,2787,2,,,0,106,,2788,2,,,0,102,,2789,2,,,0,150,,2790,2,,,0,206,,2791,2,,,0,102,,2784,2,,,0
4101,'5335',725,,2801,2,,,0,115,,2794,2,,,0,102,,2795,2,,,0,102,,2796,2,,,0,106,,2797,2,,,0,102,,2798,2,,,0,150,,2799,2,,,0,206,,2800,2,,,0,102,,2793,2,,,0
4101,'5401',1030,,2802,2,,,0,102,,2803,2,,,0,106,,2804,2,,,0,102,,2805,2,,,0,110,,2806,2,,,0,102,,2807,2,,,0,168,,2808,2,,,0
4200,'5334',801,,2811,2,,,0,21,,2815,2,,,0,3,,2816,2,,,0,133,,2814,2,,,0,157,,2813,2,,,0,30,,2812,2,,,0,161,,2810,2,,,0,210,,2809,2,,,0,140,,2818,2,,,0,102,,2817,2,,,0,366,,2819,2,,,0
4200,'5335',801,,2823,2,,,0,21,,2827,2,,,0,3,,2826,2,,,0,133,,2821,2,,,0,157,,2825,2,,,0,30,,2824,2,,,0,161,,2822,2,,,0,210,,2820,2,,,0,140,,2829,2,,,0,102,,2828,2,,,0,366,,2830,2,,,0
4200,'5401',1011,,2835,2,,,0,26,,2838,2,,,0,105,,2832,2,,,0,104,,2837,2,,,0,110,,2836,2,,,0,70,,2831,2,,,0,105,,2833,2,,,0,172,,2834,2,,,0
4300,'5334',726,,2850,2,,,0,28,,2840,2,,,0,157,,2841,2,,,0,102,,2842,2,,,0,106,,2843,2,,,0,102,,2844,2,,,0,110,,2839,2,,,0,100,,2845,2,,,0,101,,2846,2,,,0,79,,2849,2,,,0,28,,2847,2,,,0,107,,2848,2,,,0,80,,2852,2,,,0,86,,2851,2,,,0,234,,2853,2,,,0
4300,'5335',726,,2866,2,,,0,28,,2855,2,,,0,157,,2857,2,,,0,102,,2858,2,,,0,106,,2859,2,,,0,102,,2856,2,,,0,110,,2854,2,,,0,100,,2860,2,,,0,101,,2862,2,,,0,79,,2864,2,,,0,28,,2863,2,,,0,107,,2861,2,,,0,80,,2867,2,,,0,86,,2865,2,,,0,234,,2868,2,,,0
4300,'5401',959,,2869,2,,,0,142,,2870,2,,,0,106,,2871,2,,,0,102,,2872,2,,,0,110,,2873,2,,,0,102,,2874,2,,,0,110,,2875,2,,,0,120,,2876,2,,,0
4400,'5334',1536,,2877,2,,,0
4400,'5335',1536,,2878,2,,,0
4500,'5334',702,,2883,2,,,0,119,,2886,2,,,0,198,,2879,2,,,0,187,,2884,2,,,0,210,,2882,2,,,0,195,,2881,2,,,0,115,,2880,2,,,0,97,,2885,2,,,0,395,,2887,2,,,0
4500,'5335',702,,2892,2,,,0,119,,2895,2,,,0,198,,2888,2,,,0,187,,2893,2,,,0,210,,2891,2,,,0,195,,2890,2,,,0,115,,2889,2,,,0,97,,2894,2,,,0,395,,2896,2,,,0
4500,'5401',854,,2901,2,,,0,203,,2898,2,,,0,254,,2899,2,,,0,135,,2900,2,,,0,377,,2897,2,,,0
4601,'5334',755,,2903,2,,,0,755,,2904,2,,,0,308,,2902,2,,,0,235,,2905,2,,,0
4601,'5335',755,,2907,2,,,0,755,,2908,2,,,0,308,,2906,2,,,0,235,,2909,2,,,0
16400,'5399',1431,,2928,2,,,0
16400,'5401',1431,,2929,5,0,7,0
