3100,'5399',1050,,2732,5,,,0,180,,2731,1,0,9 7,0,205,,2730,5,,,0,265,,2729,5,,,0
3100,'5401',1050,,2736,5,,,0,180,,2734,1,0,9 7,0,205,,2733,5,,,0,265,,2735,5,,,0
3101,'5399',952,,2741,11,,,0,265,,2740,13,4,,0,120,,2739,11,,,0,265,,2737,13,,,0
3101,'5401',952,,2746,11,,,0,265,,2745,13,4,,0,120,,2744,11,,,0,265,,2742,13,,,0
3200,'5335',1259,,2748,16,4,,0,690,,2747,16,4,,0
3200,'5400',1259,,2750,16,4,,0,690,,2749,16,4,,0
3201,'5335',1745,,2751,1,,,0
3201,'5400',1745,,2753,1,,,0
16300,'5335',1139,,2915,14,,,0,418,,2913,14,,,0,450,,2914,14,,,0
16300,'5400',1139,,2918,14,,,0,418,,2916,14,,,0,450,,2917,14,,,0
16301,'5335',807,,2920,5,,,0,428,,2921,5,,,0,415,,2922,5,,,0
16301,'5400',807,,2925,5,,,0,428,,2927,5,,,0,415,,2926,5,,,0
16400,'5399',1725,,2928,27,,,0
16400,'5401',1725,,2930,27,,,0
16401,'5399',750,,2931,5,,,0
16401,'5401',750,,2933,5,,,0
