3100,'5015',1055,,2182,8,,,0,180,,2180,4,0,9 7,0,205,,2179,8,,,0,265,,2181,8,,,0
3100,'5212',1055,,2186,8,,,0,180,,2185,4,0,9 7,0,205,,2184,8,,,0,265,,2183,8,,,0
3101,'5015',947,,2191,8,,,0,265,,2190,10,0,7,0,120,,2189,8,,,0,225,,2188,10,,,0
3101,'5212',947,,2196,8,,,0,265,,2195,10,0,7,0,120,,2194,8,,,0,225,,2192,10,,,0
3200,'4623',1254,,2198,13,,,0,690,,2197,13,,,0
3200,'5397',1254,,2200,13,,,0,690,,2199,13,,,0
3201,'4623',1750,,2201,4,,,0
3201,'5397',1750,,2203,4,,,0
16300,'4623',1134,,2363,11,,,0,418,,2361,11,,,0,450,,2362,11,,,0
16300,'5397',1134,,2366,11,,,0,418,,2364,11,,,0,450,,2365,11,,,0
16301,'4623',812,,2368,8,,,0,428,,2369,8,,,0,415,,2370,8,,,0,399,,2371,3,0,9 7,0
16301,'5397',812,,2375,8,,,0,428,,2373,8,,,0,415,,2372,8,,,0,399,,2374,3,0,9 7,0
16400,'5015',1720,,2377,24,,,0
16400,'5212',1720,,2378,24,,,0
16401,'5015',755,,2380,8,,,0
16401,'5212',755,,2381,8,,,0
