301,'5334',646,,2597,2,,,0,100,,2571,2,,,0,70,,2572,2,,,0,30,,2575,2,,,0,70,,2573,2,,,0,30,,2574,2,,,0,70,,2576,2,,,0,30,,2577,2,,,0,70,,2578,2,,,0,30,,2579,2,,,0,70,,2580,2,,,0,30,,2581,2,,,0,70,,2582,2,,,0,30,,2583,2,,,0,70,,2584,2,,,0,30,,2585,2,,,0,70,,2586,2,,,0,30,,2588,2,,,0,70,,2587,2,,,0,30,,2589,2,,,0,70,,2590,2,,,0,30,,2591,2,,,0,75,,2592,2,,,0,25,,2593,2,,,0,100,,2594,2,,,0,100,,2595,2,,,0,100,,2596,2,,,0
301,'5335',646,,2622,2,,,0,100,,2598,2,,,0,70,,2599,2,,,0,30,,2601,2,,,0,70,,2600,2,,,0,30,,2602,2,,,0,70,,2603,2,,,0,30,,2604,2,,,0,70,,2605,2,,,0,30,,2606,2,,,0,70,,2607,2,,,0,30,,2608,2,,,0,70,,2609,2,,,0,30,,2610,2,,,0,70,,2611,2,,,0,30,,2612,2,,,0,70,,2613,2,,,0,30,,2614,2,,,0,70,,2615,2,,,0,30,,2616,2,,,0,70,,2617,2,,,0,30,,2618,2,,,0,75,,2619,2,,,0,25,,2620,2,,,0,70,,2625,2,,,0,30,,2623,2,,,0,70,,2626,2,,,0,30,,2624,2,,,0,70,,2627,2,,,0,30,,2621,2,,,0
301,'5398',746,,2635,2,,,0,100,,2636,2,,,0,100,,2637,2,,,0,100,,2628,2,,,0,100,,2629,2,,,0,100,,2630,2,,,0,100,,2631,2,,,0,100,,2632,2,,,0,100,,2633,2,,,0,100,,2634,2,,,0,100,,2638,2,,,0,100,,2639,2,,,0,100,,2640,2,,,0,100,,2641,2,,,0,100,,2642,2,,,0
301,'5401',746,,2658,2,,,0,70,,2661,2,,,0,30,,2662,2,,,0,70,,2660,2,,,0,30,,2659,2,,,0,70,,2663,2,,,0,30,,2643,2,,,0,70,,2644,2,,,0,30,,2645,2,,,0,70,,2646,2,,,0,30,,2648,2,,,0,70,,2649,2,,,0,30,,2650,2,,,0,70,,2652,2,,,0,30,,2647,2,,,0,70,,2651,2,,,0,30,,2653,2,,,0,70,,2654,2,,,0,30,,2655,2,,,0,70,,2656,2,,,0,30,,2657,2,,,0,70,,2664,2,,,0,30,,2665,2,,,0,100,,2666,2,,,0,100,,2667,2,,,0,100,,2668,2,,,0
1100,'5334',1524,,2675,3,,,0
1100,'5335',1524,,2678,3,,,0
1101,'5334',1002,,2682,15,,,0,410,,2684,18,,,0,415,,2683,18,,,0
1101,'5335',1002,,2685,15,,,0,410,,2687,18,,,0,415,,2686,18,,,0
1101,'5401',1024,,2688,15,,,0,387,,2690,18,,,0,510,,2689,18,,,0
9900,'5334',1532,,2910,5,,,0
9900,'5335',1532,,2911,5,,,0
1000100,'5334',700,,2948,3,,,0,100,,2936,3,,,0,100,,2934,3,,,0,100,,2937,3,,,0,100,,2935,3,,,0,100,,2938,3,,,0,100,,2939,3,,,0,100,,2940,3,,,0,100,,2943,3,,,0,100,,2944,3,,,0,100,,2945,3,,,0,100,,2941,3,,,0,100,,2942,3,,,0,100,,2946,3,,,0,105,,2947,3,,,0
1000100,'5335',700,,2961,3,,,0,100,,2950,3,,,0,100,,2951,3,,,0,100,,2949,3,,,0,100,,2952,3,,,0,100,,2954,3,,,0,100,,2955,3,,,0,100,,2956,3,,,0,100,,2953,3,,,0,100,,2958,3,,,0,100,,2960,3,,,0,100,,2957,3,,,0,100,,2959,3,,,0,100,,2962,3,,,0,105,,2963,3,,,0
1000100,'5398',800,,2972,3,,,0,100,,2975,3,,,0,100,,2977,3,,,0,100,,2964,3,,,0,100,,2965,3,,,0,100,,2966,3,,,0,100,,2967,3,,,0,100,,2968,3,,,0,100,,2969,3,,,0,100,,2970,3,,,0,105,,2974,3,,,0,95,,2973,3,,,0,100,,2976,3,,,0,100,,2971,3,,,0
1000100,'5401',800,,2987,3,,,0,100,,2988,3,,,0,100,,2985,3,,,0,100,,2979,3,,,0,100,,2982,3,,,0,100,,2978,3,,,0,100,,2983,3,,,0,100,,2984,3,,,0,100,,2980,3,,,0,100,,2981,3,,,0,105,,2986,3,,,0,95,,2990,3,,,0,100,,2989,3,,,0,105,,2991,3,,,0
2000101,'5334',830,,2993,3,,,0,100,,2992,3,,,0,100,,2994,3,,,0,100,,2996,3,,,0,100,,2997,3,,,0,100,,2998,3,,,0,100,,2995,3,,,0,100,,2999,3,,,0,100,,3000,3,,,0,100,,3001,3,,,0,105,,3002,3,,,0
2000101,'5335',830,,3003,3,,,0,100,,3004,3,,,0,100,,3006,3,,,0,100,,3007,3,,,0,100,,3008,3,,,0,100,,3005,3,,,0,100,,3009,3,,,0,100,,3010,3,,,0,100,,3011,3,,,0,100,,3012,3,,,0,105,,3013,3,,,0,95,,3014,3,,,0,100,,3015,3,,,0
2000101,'5401',830,,3024,3,,,0,100,,3025,3,,,0,100,,3016,3,,,0,100,,3017,3,,,0,100,,3018,3,,,0,100,,3019,3,,,0,100,,3020,3,,,0,100,,3021,3,,,0,100,,3023,3,,,0,100,,3022,3,,,0,100,,3026,3,,,0
