1101,'5334',907,,2682,6,,,0,402,,2684,6,,,0,415,,2683,6,,,0
1101,'5335',907,,2685,6,,,0,402,,2687,6,,,0,415,,2686,6,,,0
1101,'5401',929,,2688,6,,,0,379,,2690,6,,,0,510,,2689,6,,,0
1400,'5334',617,,2722,6,,,0,627,,2721,6,,,0,408,,2720,6,,,0
1400,'5335',617,,2725,6,,,0,627,,2724,6,,,0,408,,2723,6,,,0
1400,'5401',1214,,2726,4,0,5 6 2,0,438,,2727,6,,,0
4300,'5334',747,,2850,27,,,0,70,,2840,29,,,0,115,,2841,27,,,0,102,,2842,27,,,0,106,,2843,27,,,0,102,,2844,27,,,0,110,,2839,27,,,0,100,,2845,27,,,0,103,,2846,29,,,0,77,,2849,27,,,0,68,,2847,27,,,0,107,,2848,27,,,0,40,,2852,27,,,0,86,,2851,27,,,0,274,,2853,27,,,0
4300,'5335',747,,2866,27,,,0,70,,2855,29,,,0,115,,2857,27,,,0,102,,2858,27,,,0,106,,2859,27,,,0,102,,2856,27,,,0,110,,2854,27,,,0,100,,2860,27,,,0,103,,2862,29,,,0,77,,2864,27,,,0,68,,2863,27,,,0,107,,2861,27,,,0,40,,2867,27,,,0,86,,2865,27,,,0,274,,2868,27,,,0
4300,'5401',1020,,2869,27,,,0,102,,2870,27,,,0,106,,2871,27,,,0,102,,2872,27,,,0,110,,2873,27,,,0,102,,2874,27,,,0,110,,2875,27,,,0,160,,2876,27,,,0
4500,'5334',705,,2883,4,,,0,119,,2886,4,,,0,198,,2879,4,,,0,187,,2884,4,,,0,210,,2882,4,,,0,195,,2881,4,,,0,115,,2880,4,,,0,97,,2885,4,,,0,395,,2887,4,,,0
4500,'5335',705,,2892,4,,,0,119,,2895,4,,,0,198,,2888,4,,,0,187,,2893,4,,,0,210,,2891,4,,,0,195,,2890,4,,,0,115,,2889,4,,,0,97,,2894,4,,,0,395,,2896,4,,,0
4500,'5401',857,,2901,4,,,0,243,,2898,4,,,0,214,,2899,4,,,0,135,,2900,4,,,0,377,,2897,4,,,0
