1301,'5334',1332,,2714,12,0,8,0,310,,2715,12,0,8,0
1301,'5335',1332,,2717,12,0,8,0,310,,2718,12,0,8,0
1301,'5401',1607,,2719,12,0,8,0
4200,'5334',812,,2811,20,,,0,24,,2816,20,,,0,174,,2814,20,,,0,116,,2813,20,,,0,31,,2812,20,,,0,160,,2810,20,,,0,210,,2809,20,,,0,180,,2818,20,,,0,102,,2817,20,,,0,326,,2819,20,,,0
4200,'5335',812,,2823,20,,,0,24,,2826,20,,,0,174,,2821,20,,,0,116,,2825,20,,,0,31,,2824,20,,,0,160,,2822,20,,,0,210,,2820,20,,,0,180,,2829,20,,,0,102,,2828,20,,,0,326,,2830,20,,,0
4200,'5401',1022,,2835,20,,,0,26,,2838,20,,,0,105,,2832,20,,,0,104,,2837,20,,,0,150,,2836,20,,,0,30,,2831,20,,,0,105,,2833,20,,,0,172,,2834,20,,,0
4400,'5334',1549,,2877,21,,,0
4400,'5335',1549,,2878,21,,,0
4601,'5334',800,,2903,12,,,0,715,,2904,12,,,0,308,,2902,12,,,0,235,,2905,12,,,0
4601,'5335',800,,2907,12,,,0,715,,2908,12,,,0,308,,2906,12,,,0,235,,2909,12,,,0
