3100,'5015',1049,,2182,4,,,0,385,,2179,4,,,0,225,,2181,4,,,0
3100,'5212',1049,,2186,4,,,0,385,,2184,4,,,0,225,,2183,4,,,0
3101,'5015',950,,2191,10,,,0,265,,2190,12,0,7,0,120,,2189,10,,,0,265,,2188,12,,,0
3101,'5212',950,,2196,10,,,0,265,,2195,12,0,7,0,120,,2194,10,,,0,265,,2192,12,,,0
3200,'4623',1257,,2198,15,,,0,690,,2197,15,,,0
3200,'5397',1257,,2200,15,,,0,690,,2199,15,,,0
16300,'4623',1137,,2363,13,,,0,418,,2361,13,,,0,450,,2362,13,,,0
16300,'5397',1137,,2366,13,,,0,418,,2364,13,,,0,450,,2365,13,,,0
16301,'4623',806,,2368,4,,,0,428,,2369,4,,,0,415,,2370,4,,,0
16301,'5397',806,,2375,4,,,0,428,,2373,4,,,0,415,,2372,4,,,0
16400,'5015',1723,,2377,26,,,0
16400,'5212',1723,,2378,26,,,0
16401,'5015',749,,2380,4,,,0
16401,'5212',749,,2381,4,,,0
