3100,'5399',1037,,2732,2,,,0,385,,2730,2,,,0,225,,2729,2,,,0
3100,'5401',1037,,2736,2,,,0,385,,2733,2,,,0,225,,2735,2,,,0
3101,'5399',1008,,2741,15,,,0,345,,2739,15,,,0,265,,2737,17,,,0
3101,'5401',1008,,2746,15,,,0,345,,2744,15,,,0,265,,2742,17,,,0
16301,'5335',754,,2920,2,,,0,468,,2921,2,,,0,415,,2922,2,,,0,407,,2923,2,0,9 7,0
16301,'5400',754,,2925,2,,,0,468,,2927,2,,,0,415,,2926,2,,,0,407,,2924,2,0,9 7,0
16400,'5399',1741,,2928,31,,,0
16400,'5401',1741,,2930,31,,,0
16401,'5399',737,,2931,2,,,0
16401,'5401',737,,2933,2,,,0
