301,'5334',659,,2597,24,,,0,100,,2571,24,,,0,70,,2572,24,,,0,30,,2575,24,,,0,70,,2573,24,,,0,30,,2574,24,,,0,70,,2576,24,,,0,30,,2577,24,,,0,70,,2578,24,,,0,30,,2579,24,,,0,70,,2580,24,,,0,30,,2581,24,,,0,70,,2582,24,,,0,30,,2583,24,,,0,70,,2584,24,,,0,30,,2585,24,,,0,70,,2586,24,,,0,30,,2588,24,,,0,70,,2587,24,,,0,30,,2589,24,,,0,70,,2590,24,,,0,30,,2591,24,,,0,75,,2592,24,,,0,25,,2593,24,,,0,100,,2594,24,,,0,100,,2595,24,,,0,100,,2596,24,,,0
301,'5335',659,,2622,24,,,0,100,,2598,24,,,0,70,,2599,24,,,0,30,,2601,24,,,0,70,,2600,24,,,0,30,,2602,24,,,0,70,,2603,24,,,0,30,,2604,24,,,0,70,,2605,24,,,0,30,,2606,24,,,0,70,,2607,24,,,0,30,,2608,24,,,0,70,,2609,24,,,0,30,,2610,24,,,0,70,,2611,24,,,0,30,,2612,24,,,0,70,,2613,24,,,0,30,,2614,24,,,0,70,,2615,24,,,0,30,,2616,24,,,0,70,,2617,24,,,0,30,,2618,24,,,0,75,,2619,24,,,0,25,,2620,24,,,0,70,,2625,24,,,0,30,,2623,24,,,0,70,,2626,24,,,0,30,,2624,24,,,0,70,,2627,24,,,0,30,,2621,24,,,0
301,'5398',759,,2635,24,,,0,100,,2636,24,,,0,100,,2637,24,,,0,100,,2628,24,,,0,100,,2629,24,,,0,100,,2630,24,,,0,100,,2631,24,,,0,100,,2632,24,,,0,100,,2633,24,,,0,100,,2634,24,,,0,100,,2638,24,,,0,100,,2639,24,,,0,100,,2640,24,,,0,100,,2641,24,,,0,100,,2642,24,,,0
301,'5401',759,,2658,24,,,0,70,,2661,24,,,0,30,,2662,24,,,0,70,,2660,24,,,0,30,,2659,24,,,0,70,,2663,24,,,0,30,,2643,24,,,0,70,,2644,24,,,0,30,,2645,24,,,0,70,,2646,24,,,0,30,,2648,24,,,0,70,,2649,24,,,0,30,,2650,24,,,0,70,,2652,24,,,0,30,,2647,24,,,0,70,,2651,24,,,0,30,,2653,24,,,0,70,,2654,24,,,0,30,,2655,24,,,0,70,,2656,24,,,0,30,,2657,24,,,0,70,,2664,24,,,0,30,,2665,24,,,0,100,,2666,24,,,0,100,,2667,24,,,0,100,,2668,24,,,0
1100,'5334',639,,2673,4,,,0,476,,2674,4,,,0,411,,2675,7,,,0
1100,'5335',639,,2676,4,,,0,476,,2677,4,,,0,411,,2678,7,,,0
1100,'5401',759,,2679,4,,,0,377,,2681,4,,,0,389,,2680,4,,,0
9900,'5334',1541,,2910,23,,,0
9900,'5335',1541,,2911,23,,,0
1000100,'5334',720,,2948,37,,,0,100,,2936,37,,,0,100,,2934,37,,,0,100,,2937,37,,,0,100,,2935,37,,,0,100,,2938,37,,,0,100,,2939,37,,,0,100,,2940,37,,,0,100,,2943,37,,,0,100,,2944,37,,,0,100,,2945,37,,,0,100,,2941,37,,,0,100,,2942,37,,,0,100,,2946,37,,,0,105,,2947,37,,,0
1000100,'5335',720,,2961,37,,,0,100,,2950,37,,,0,100,,2951,37,,,0,100,,2949,37,,,0,100,,2952,37,,,0,100,,2954,37,,,0,100,,2955,37,,,0,100,,2956,37,,,0,100,,2953,37,,,0,100,,2958,37,,,0,100,,2960,37,,,0,100,,2957,37,,,0,100,,2959,37,,,0,100,,2962,37,,,0,105,,2963,37,,,0
1000100,'5398',820,,2972,37,,,0,100,,2975,37,,,0,100,,2977,37,,,0,100,,2964,37,,,0,100,,2965,37,,,0,100,,2966,37,,,0,100,,2967,37,,,0,100,,2968,37,,,0,100,,2969,37,,,0,100,,2970,37,,,0,105,,2974,37,,,0,95,,2973,37,,,0,100,,2976,37,,,0,100,,2971,37,,,0
1000100,'5401',820,,2987,37,,,0,100,,2988,37,,,0,100,,2985,37,,,0,100,,2979,37,,,0,100,,2982,37,,,0,100,,2978,37,,,0,100,,2983,37,,,0,100,,2984,37,,,0,100,,2980,37,,,0,100,,2981,37,,,0,105,,2986,37,,,0,95,,2990,37,,,0,100,,2989,37,,,0,105,,2991,37,,,0
2000101,'5334',851,,2993,37,,,0,100,,2992,37,,,0,100,,2994,37,,,0,100,,2996,37,,,0,100,,2997,37,,,0,100,,2998,37,,,0,100,,2995,37,,,0,100,,2999,37,,,0,100,,3000,37,,,0,100,,3001,37,,,0,105,,3002,37,,,0
2000101,'5335',851,,3003,37,,,0,100,,3004,37,,,0,100,,3006,37,,,0,100,,3007,37,,,0,100,,3008,37,,,0,100,,3005,37,,,0,100,,3009,37,,,0,100,,3010,37,,,0,100,,3011,37,,,0,100,,3012,37,,,0,105,,3013,37,,,0,95,,3014,37,,,0,100,,3015,37,,,0
2000101,'5401',851,,3024,37,,,0,100,,3025,37,,,0,100,,3016,37,,,0,100,,3017,37,,,0,100,,3018,37,,,0,100,,3019,37,,,0,100,,3020,37,,,0,100,,3021,37,,,0,100,,3023,37,,,0,100,,3022,37,,,0,100,,3026,37,,,0
