1300,'5334',849,,2706,10,0,8,0
1300,'5335',849,,2709,10,0,8,0
1301,'5334',808,,2713,5,0,8,0,520,,2714,5,0,8,0,310,,2715,5,0,8,0
1301,'5335',808,,2716,5,0,8,0,520,,2717,5,0,8,0,310,,2718,5,0,8,0
1301,'5401',1603,,2719,5,0,8,0
4100,'5334',751,,2763,17,,,0,155,,2757,17,,,0,102,,2758,17,,,0,102,,2759,17,,,0,106,,2760,17,,,0,102,,2761,17,,,0,110,,2762,17,,,0,206,,2756,17,,,0,102,,2755,17,,,0,108,,2765,17,,,0,275,,2764,17,,,0
4100,'5335',751,,2774,17,,,0,155,,2768,17,,,0,102,,2770,17,,,0,102,,2771,17,,,0,106,,2772,17,,,0,102,,2773,17,,,0,110,,2769,17,,,0,206,,2767,17,,,0,102,,2766,17,,,0,108,,2775,17,,,0,275,,2776,17,,,0
4100,'5401',1056,,2777,17,,,0,102,,2778,17,,,0,146,,2779,17,,,0,102,,2780,17,,,0,110,,2781,17,,,0,105,,2782,17,,,0,125,,2783,17,,,0
4200,'5334',806,,2811,8,,,0,24,,2816,8,,,0,173,,2814,8,,,0,117,,2813,8,,,0,30,,2812,8,,,0,161,,2810,8,,,0,210,,2809,8,,,0,180,,2818,8,,,0,102,,2817,8,,,0,326,,2819,8,,,0
4200,'5335',806,,2823,8,,,0,24,,2826,8,,,0,173,,2821,8,,,0,117,,2825,8,,,0,30,,2824,8,,,0,161,,2822,8,,,0,210,,2820,8,,,0,180,,2829,8,,,0,102,,2828,8,,,0,326,,2830,8,,,0
4200,'5401',1016,,2835,8,,,0,26,,2838,8,,,0,105,,2832,8,,,0,104,,2837,8,,,0,150,,2836,8,,,0,30,,2831,8,,,0,105,,2833,8,,,0,172,,2834,8,,,0
4400,'5334',1544,,2877,10,,,0,56,,2877,34,,,0
4400,'5335',1544,,2878,10,,,0,56,,2878,34,,,0
4601,'5334',757,,2903,5,,,0,755,,2904,5,,,0,308,,2902,5,,,0,235,,2905,5,,,0
4601,'5335',757,,2907,5,,,0,755,,2908,5,,,0,308,,2906,5,,,0,235,,2909,5,,,0
