1100,'5334',749,,2673,12,,,0,476,,2674,12,,,0,402,,2675,17,,,0
1100,'5335',749,,2676,12,,,0,476,,2677,12,,,0,402,,2678,17,,,0
1100,'5401',908,,2679,12,,,0,337,,2681,12,,,0,389,,2680,12,,,0
1101,'5334',905,,2682,3,,,0,402,,2684,3,,,0,415,,2683,3,,,0
1101,'5335',905,,2685,3,,,0,402,,2687,3,,,0,415,,2686,3,,,0
1101,'5401',927,,2688,3,,,0,379,,2690,3,,,0,510,,2689,3,,,0
1400,'5334',615,,2722,3,,,0,104,,2722,25,,,0,523,,2721,3,,,0,92,,2721,18,,,0,316,,2720,3,,,0,103,,2720,25,,,0
1400,'5335',615,,2725,3,,,0,104,,2725,25,,,0,523,,2724,3,,,0,92,,2724,18,,,0,316,,2723,3,,,0,103,,2723,25,,,0
1400,'5401',1650,,2727,3,,,0,103,,2728,7,0,5 6,0
4300,'5334',745,,2850,24,,,0,70,,2840,26,,,0,115,,2841,24,,,0,102,,2842,24,,,0,106,,2843,24,,,0,102,,2844,24,,,0,110,,2839,24,,,0,100,,2845,24,,,0,103,,2846,26,,,0,77,,2849,24,,,0,28,,2847,24,,,0,147,,2848,24,,,0,40,,2852,24,,,0,86,,2851,24,,,0,274,,2853,24,,,0
4300,'5335',745,,2866,24,,,0,70,,2855,26,,,0,115,,2857,24,,,0,102,,2858,24,,,0,106,,2859,24,,,0,102,,2856,24,,,0,110,,2854,24,,,0,100,,2860,24,,,0,103,,2862,26,,,0,77,,2864,24,,,0,28,,2863,24,,,0,147,,2861,24,,,0,40,,2867,24,,,0,86,,2865,24,,,0,274,,2868,24,,,0
4300,'5401',1018,,2869,24,,,0,102,,2870,24,,,0,106,,2871,24,,,0,102,,2872,24,,,0,110,,2873,24,,,0,102,,2874,24,,,0,110,,2875,24,,,0,160,,2876,24,,,0
16400,'5399',1436,,2928,3,,,0
16400,'5401',1436,,2929,6,0,7,0
16401,'5399',1041,,2931,29,,,0
16401,'5401',1041,,2933,29,,,0,1,,2932,12,,,0
