401,'4663',602,,1690,4,,,0,20,,1689,4,,,0
401,'4678',602,,1692,4,,,0,20,,1691,4,,,0
401,'5173',602,,1177,4,,,0,20,,1176,4,,,0
1000100,'4332',803,,1858,7,,,0,100,,1859,7,,,0,100,,1857,7,,,0,100,,1850,7,,,0,100,,1852,7,,,0,100,,1849,7,,,0,100,,1854,7,,,0,100,,1855,7,,,0,100,,1853,7,,,0,100,,1851,7,,,0,105,,1856,7,,,0,95,,1466,7,,,0,100,,1467,7,,,0,105,,1468,7,,,0
1000100,'4663',703,,1872,7,,,0,100,,1861,7,,,0,100,,1862,7,,,0,100,,1860,7,,,0,100,,1863,7,,,0,100,,1865,7,,,0,100,,1866,7,,,0,100,,1867,7,,,0,100,,1864,7,,,0,100,,1869,7,,,0,100,,1870,7,,,0,100,,1868,7,,,0,100,,1871,7,,,0,100,,1873,7,,,0,105,,1874,7,,,0
1000100,'4678',703,,1889,7,,,0,100,,1877,7,,,0,100,,1875,7,,,0,100,,1878,7,,,0,100,,1876,7,,,0,100,,1879,7,,,0,100,,1880,7,,,0,100,,1881,7,,,0,100,,1882,7,,,0,100,,1883,7,,,0,100,,1884,7,,,0,100,,1885,7,,,0,100,,1886,7,,,0,100,,1887,7,,,0,105,,1888,7,,,0
1000100,'5173',703,,1483,7,,,0,100,,1471,7,,,0,100,,1469,7,,,0,100,,1472,7,,,0,100,,1470,7,,,0,100,,1473,7,,,0,100,,1474,7,,,0,100,,1475,7,,,0,100,,1476,7,,,0,100,,1477,7,,,0,100,,1478,7,,,0,100,,1479,7,,,0,100,,1480,7,,,0,100,,1481,7,,,0,105,,1482,7,,,0
2000101,'4332',833,,1898,6,,,0,100,,1899,6,,,0,100,,1890,6,,,0,100,,1891,6,,,0,100,,1892,6,,,0,100,,1893,6,,,0,100,,1894,6,,,0,100,,1895,6,,,0,100,,1897,6,,,0,100,,1896,6,,,0,100,,1900,6,,,0
2000101,'4663',833,,1901,6,,,0,100,,1902,6,,,0,100,,1904,6,,,0,100,,1905,6,,,0,100,,1906,6,,,0,100,,1903,6,,,0,100,,1907,6,,,0,100,,1908,6,,,0,100,,1909,6,,,0,100,,1910,6,,,0,105,,1911,6,,,0,95,,1912,6,,,0,100,,1913,6,,,0
2000101,'4678',833,,1915,6,,,0,100,,1914,6,,,0,100,,1916,6,,,0,100,,1918,6,,,0,100,,1919,6,,,0,100,,1920,6,,,0,100,,1917,6,,,0,100,,1921,6,,,0,100,,1922,6,,,0,100,,1923,6,,,0,105,,1924,6,,,0
2000101,'5173',833,,1511,6,,,0,100,,1510,6,,,0,100,,1512,6,,,0,100,,1514,6,,,0,100,,1515,6,,,0,100,,1516,6,,,0,100,,1513,6,,,0,100,,1517,6,,,0,100,,1518,6,,,0,100,,1519,6,,,0,105,,1520,6,,,0
