1101,'4332',1315,,1703,9,,,0,510,,1702,9,,,0
1101,'4661',1316,,1194,9,,,0
1101,'4663',1316,,1706,9,,,0,415,,1705,9,,,0
1101,'4678',1731,,1708,9,,,0
1101,'5173',1731,,1193,9,,,0
4500,'4332',922,,1824,18,,,0,188,,1821,11,,,0,214,,1822,11,,,0,135,,1823,11,,,0,377,,1820,11,,,0
4500,'4661',730,,1395,20,,,0,119,,1398,20,,,0,183,,1391,11,,,0,187,,1396,11,,,0,210,,1394,11,,,0,310,,1392,11,,,0,97,,1397,11,,,0,395,,1399,11,,,0
4500,'4663',730,,1829,20,,,0,119,,1832,20,,,0,183,,1825,11,,,0,187,,1830,11,,,0,210,,1828,11,,,0,195,,1827,11,,,0,115,,1826,11,,,0,97,,1831,11,,,0,395,,1833,11,,,0
4500,'4678',1624,,1834,11,,,0
4500,'5173',1624,,1393,11,,,0
