1101,'4332',929,,1701,4,,,0,379,,1703,4,,,0,510,,1702,4,,,0
1101,'4661',1309,,1194,4,,,0
1101,'4663',907,,1704,4,,,0,402,,1706,4,,,0,415,,1705,4,,,0
1101,'4678',907,,1707,4,,,0,817,,1708,4,,,0
1101,'5173',907,,1192,4,,,0,817,,1193,4,,,0
1400,'4332',1652,,1734,4,,,0
1400,'4661',617,,1232,4,,,0,1035,,1230,4,,,0
1400,'4663',617,,1738,4,,,0,627,,1737,4,,,0,408,,1736,4,,,0
1400,'4678',1244,,1739,4,,,0
1400,'5173',1244,,1231,4,,,0
4300,'4332',1020,,1794,25,,,0,102,,1795,25,,,0,106,,1796,25,,,0,102,,1797,25,,,0,110,,1798,25,,,0,102,,1799,25,,,0,110,,1800,25,,,0,160,,1801,25,,,0
4300,'4661',747,,1366,25,,,0,70,,1355,27,,,0,115,,1356,25,,,0,102,,1357,25,,,0,106,,1358,25,,,0,102,,1359,25,,,0,110,,1354,25,,,0,203,,1361,27,,,0,77,,1364,25,,,0,68,,1362,25,,,0,107,,1363,25,,,0,40,,1367,25,,,0,86,,1365,25,,,0,274,,1368,25,,,0
4300,'4663',747,,1814,25,,,0,70,,1803,27,,,0,115,,1805,25,,,0,102,,1806,25,,,0,106,,1807,25,,,0,102,,1804,25,,,0,110,,1802,25,,,0,100,,1808,25,,,0,103,,1809,27,,,0,77,,1812,25,,,0,68,,1810,25,,,0,107,,1811,25,,,0,40,,1815,25,,,0,86,,1813,25,,,0,274,,1816,25,,,0
4300,'4678',1452,,1817,25,,,0
4300,'5173',1452,,1360,25,,,0
