201,'4327',738,,989,12,,,0,100,,990,12,,,0,100,,991,12,,,0,100,,982,12,,,0,100,,983,12,,,0,100,,984,12,,,0,100,,985,12,,,0,100,,987,12,,,0,100,,986,12,,,0,100,,988,12,,,0,100,,992,12,,,0,100,,993,12,,,0,100,,994,12,,,0,100,,995,12,,,0,100,,996,12,,,0
201,'4332',738,,1013,12,,,0,70,,1015,12,,,0,30,,1016,12,,,0,70,,1017,12,,,0,30,,1014,12,,,0,70,,1012,12,,,0,30,,997,12,,,0,70,,998,12,,,0,30,,999,12,,,0,70,,1000,12,,,0,30,,1002,12,,,0,70,,1001,12,,,0,30,,1003,12,,,0,70,,1004,12,,,0,30,,1005,12,,,0,70,,1006,12,,,0,30,,1007,12,,,0,70,,1008,12,,,0,30,,1009,12,,,0,70,,1011,12,,,0,30,,1010,12,,,0,75,,1018,12,,,0,25,,1019,12,,,0,100,,1020,12,,,0,100,,1021,12,,,0,100,,1022,12,,,0
201,'4661',738,,1023,12,,,0,70,,1024,12,,,0,30,,1025,12,,,0,70,,1026,12,,,0,30,,1027,12,,,0,70,,1028,12,,,0,30,,1029,12,,,0,70,,1030,12,,,0,30,,1032,12,,,0,70,,1031,12,,,0,30,,1033,12,,,0,70,,1034,12,,,0,30,,1035,12,,,0,70,,1036,12,,,0,30,,1037,12,,,0,70,,1038,12,,,0,30,,1039,12,,,0,70,,1040,12,,,0,30,,1041,12,,,0,70,,1043,12,,,0,30,,1042,12,,,0,75,,1044,12,,,0,25,,1045,12,,,0,100,,1047,12,,,0,100,,1048,12,,,0,100,,1046,12,,,0
201,'4663',738,,1049,12,,,0,70,,1050,12,,,0,30,,1052,12,,,0,70,,1053,12,,,0,30,,1051,12,,,0,70,,1054,12,,,0,30,,1055,12,,,0,70,,1056,12,,,0,30,,1057,12,,,0,70,,1058,12,,,0,30,,1059,12,,,0,70,,1061,12,,,0,30,,1060,12,,,0,70,,1062,12,,,0,30,,1063,12,,,0,70,,1064,12,,,0,30,,1065,12,,,0,70,,1066,12,,,0,30,,1067,12,,,0,70,,1068,12,,,0,30,,1069,12,,,0,75,,1070,12,,,0,25,,1071,12,,,0,70,,1075,12,,,0,30,,1073,12,,,0,70,,1076,12,,,0,30,,1074,12,,,0,70,,1077,12,,,0,30,,1072,12,,,0
401,'4661',614,,1177,30,,,0,20,,1176,30,,,0
401,'4663',614,,1179,30,,,0,20,,1178,30,,,0
1101,'4332',1022,,1189,11,,,0,387,,1191,14,,,0,510,,1190,14,,,0
1101,'4661',1000,,1192,11,,,0,410,,1194,14,,,0,415,,1193,14,,,0
1101,'4663',1000,,1195,11,,,0,410,,1197,14,,,0,415,,1196,14,,,0
1200,'4332',745,,1202,3,,,0,377,,1199,3,,,0,388,,1204,3,,,0,502,,1201,3,,,0
1200,'4661',626,,1205,3,,,0,433,,1206,10,,,0,452,,1207,10,,,0,410,,1208,10,,,0
1200,'4663',626,,1209,3,,,0,433,,1210,10,,,0,452,,1211,10,,,0,410,,1212,10,,,0
