301,'4332',746,,1626,3,,,0,70,,1629,3,,,0,30,,1630,3,,,0,70,,1628,3,,,0,30,,1627,3,,,0,70,,1631,3,,,0,30,,1611,3,,,0,70,,1612,3,,,0,30,,1613,3,,,0,70,,1614,3,,,0,30,,1615,3,,,0,70,,1616,3,,,0,30,,1618,3,,,0,70,,1620,3,,,0,30,,1617,3,,,0,70,,1619,3,,,0,30,,1621,3,,,0,70,,1622,3,,,0,30,,1623,3,,,0,70,,1624,3,,,0,30,,1625,3,,,0,70,,1114,3,,,0,30,,1115,3,,,0,100,,1116,3,,,0,100,,1117,3,,,0,100,,1118,3,,,0
301,'4663',646,,1656,3,,,0,100,,1632,3,,,0,70,,1633,3,,,0,30,,1635,3,,,0,70,,1634,3,,,0,30,,1636,3,,,0,70,,1637,3,,,0,30,,1638,3,,,0,70,,1639,3,,,0,30,,1640,3,,,0,70,,1641,3,,,0,30,,1642,3,,,0,70,,1643,3,,,0,30,,1644,3,,,0,70,,1645,3,,,0,30,,1646,3,,,0,70,,1647,3,,,0,30,,1648,3,,,0,70,,1649,3,,,0,30,,1650,3,,,0,70,,1651,3,,,0,30,,1652,3,,,0,75,,1653,3,,,0,25,,1654,3,,,0,70,,1659,3,,,0,30,,1657,3,,,0,70,,1660,3,,,0,30,,1658,3,,,0,70,,1661,3,,,0,30,,1655,3,,,0
301,'4678',646,,1688,3,,,0,100,,1662,3,,,0,70,,1663,3,,,0,30,,1666,3,,,0,70,,1664,3,,,0,30,,1665,3,,,0,70,,1667,3,,,0,30,,1668,3,,,0,70,,1669,3,,,0,30,,1670,3,,,0,70,,1671,3,,,0,30,,1672,3,,,0,70,,1673,3,,,0,30,,1674,3,,,0,70,,1675,3,,,0,30,,1676,3,,,0,70,,1677,3,,,0,30,,1678,3,,,0,70,,1679,3,,,0,30,,1680,3,,,0,70,,1681,3,,,0,30,,1682,3,,,0,75,,1683,3,,,0,25,,1684,3,,,0,100,,1685,3,,,0,100,,1686,3,,,0,100,,1687,3,,,0
301,'5173',646,,1145,3,,,0,100,,1119,3,,,0,70,,1120,3,,,0,30,,1123,3,,,0,70,,1121,3,,,0,30,,1122,3,,,0,70,,1124,3,,,0,30,,1125,3,,,0,70,,1126,3,,,0,30,,1127,3,,,0,70,,1128,3,,,0,30,,1129,3,,,0,70,,1130,3,,,0,30,,1131,3,,,0,70,,1132,3,,,0,30,,1133,3,,,0,70,,1134,3,,,0,30,,1135,3,,,0,70,,1136,3,,,0,30,,1137,3,,,0,70,,1138,3,,,0,30,,1139,3,,,0,75,,1140,3,,,0,25,,1141,3,,,0,100,,1142,3,,,0,100,,1143,3,,,0,100,,1144,3,,,0
1100,'4661',1524,,1185,4,,,0
1100,'4663',1524,,1698,4,,,0
1101,'4332',1025,,1701,16,,,0,387,,1703,19,,,0,510,,1702,19,,,0
1101,'4661',1413,,1194,19,,,0
1101,'4663',1003,,1704,16,,,0,410,,1706,19,,,0,415,,1705,19,,,0
1101,'4678',1003,,1707,16,,,0,825,,1708,19,,,0
1101,'5173',1003,,1192,16,,,0,825,,1193,19,,,0
9900,'4663',1533,,1418,6,,,0
9900,'4678',1533,,1840,6,,,0
9900,'5173',1533,,1417,6,,,0
