1300,'4661',848,,1214,9,0,8,0
1300,'4663',848,,1217,9,0,8,0
1301,'4332',1602,,1220,4,0,8,0
1301,'4661',807,,1221,4,0,8,0,520,,1222,4,0,8,0,310,,1223,4,0,8,0
1301,'4663',807,,1224,4,0,8,0,520,,1225,4,0,8,0,310,,1226,4,0,8,0
4100,'4332',1056,,1262,16,,,0,102,,1263,16,,,0,146,,1264,16,,,0,102,,1265,16,,,0,110,,1266,16,,,0,105,,1267,16,,,0,125,,1268,16,,,0
4100,'4661',751,,1277,16,,,0,155,,1271,16,,,0,102,,1272,16,,,0,102,,1273,16,,,0,106,,1274,16,,,0,102,,1275,16,,,0,110,,1276,16,,,0,206,,1270,16,,,0,102,,1269,16,,,0,108,,1279,16,,,0,275,,1278,16,,,0
4100,'4663',751,,1288,16,,,0,155,,1282,16,,,0,102,,1283,16,,,0,102,,1284,16,,,0,106,,1286,16,,,0,102,,1287,16,,,0,110,,1285,16,,,0,206,,1281,16,,,0,102,,1280,16,,,0,108,,1289,16,,,0,275,,1290,16,,,0
4200,'4332',1015,,1320,7,,,0,26,,1323,7,,,0,105,,1317,7,,,0,104,,1322,7,,,0,150,,1321,7,,,0,30,,1316,7,,,0,105,,1318,7,,,0,172,,1319,7,,,0
4200,'4661',805,,1326,7,,,0,24,,1331,7,,,0,173,,1328,7,,,0,117,,1329,7,,,0,30,,1327,7,,,0,161,,1325,7,,,0,210,,1324,7,,,0,180,,1333,7,,,0,102,,1332,7,,,0,326,,1334,7,,,0
4200,'4663',805,,1337,7,,,0,24,,1341,7,,,0,173,,1339,7,,,0,117,,1340,7,,,0,30,,1338,7,,,0,161,,1336,7,,,0,210,,1335,7,,,0,180,,1344,7,,,0,102,,1342,7,,,0,326,,1345,7,,,0
4400,'4661',1543,,1384,9,,,0
4400,'4663',1543,,1385,9,,,0
4601,'4661',756,,1410,4,,,0,755,,1411,4,,,0,308,,1409,4,,,0,235,,1412,4,,,0
4601,'4663',756,,1414,4,,,0,755,,1415,4,,,0,308,,1413,4,,,0,235,,1416,4,,,0
