3100,'4332',1050,,1239,5,,,0,180,,1238,1,0,9 7,0,205,,1236,5,,,0,265,,1237,5,,,0
3100,'4677',1050,,1243,5,,,0,180,,1242,1,0,9 7,0,205,,1241,5,,,0,265,,1240,5,,,0
3101,'4332',952,,1248,11,,,0,265,,1247,13,4,,0,120,,1246,11,,,0,265,,1245,13,,,0
3101,'4677',952,,1253,11,,,0,265,,1252,13,4,,0,120,,1251,11,,,0,265,,1249,13,,,0
3200,'4663',1259,,1255,16,4,,0,690,,1254,16,4,,0
3200,'4674',1259,,1257,16,4,,0,690,,1256,16,4,,0
3201,'4663',1745,,1258,1,,,0
3201,'4674',1745,,1260,1,,,0
16300,'4663',1139,,1844,14,,,0,418,,1842,14,,,0,450,,1843,14,,,0
16300,'4674',1139,,1425,14,,,0,418,,1423,14,,,0,450,,1424,14,,,0
16301,'4663',807,,1845,5,,,0,428,,1846,5,,,0,415,,1847,5,,,0
16301,'4674',807,,1434,5,,,0,428,,1431,5,,,0,415,,1432,5,,,0
16400,'4332',1725,,1436,27,,,0
16400,'4677',1725,,1437,27,,,0
16401,'4332',750,,1439,5,,,0
16401,'4677',750,,1440,5,,,0
