3100,'5399',1107,,2732,14,,,0,140,,2731,10,4,,0,205,,2730,14,,,0,265,,2729,14,,,0
3100,'5401',1107,,2736,14,,,0,140,,2734,10,4,,0,205,,2733,14,,,0,265,,2735,14,,,0
3101,'5399',935,,2741,1,,,0,265,,2740,3,0,7,0,120,,2739,1,,,0,225,,2737,3,,,0,265,,2738,3,4,,0
3101,'5401',935,,2746,1,,,0,265,,2745,3,0,7,0,120,,2744,1,,,0,225,,2742,3,,,0,265,,2743,3,4,,0
3200,'5335',1244,,2748,6,,,0,690,,2747,6,,,0
3200,'5400',1244,,2750,6,,,0,690,,2749,6,,,0
3201,'5335',1115,,2752,1,,,0,685,,2751,10,,,0
3201,'5400',1115,,2754,1,,,0,685,,2753,10,,,0
16300,'5335',710,,2912,1,,,0,410,10,2915,5,,,0,418,10,2913,5,,,0,410,10,2914,5,,,0
16300,'5400',710,,2919,1,,,0,410,10,2918,5,,,0,418,10,2916,5,,,0,410,10,2917,5,,,0
16301,'5335',836,10,2920,13,,,0,468,50,2921,13,,,0,415,10,2922,13,,,0,384,,2923,8,4,,0
16301,'5400',836,10,2925,13,,,0,468,50,2927,13,,,0,415,10,2926,13,,,0,384,,2924,8,4,,0
16400,'5399',1706,,2928,17,,,0
16400,'5401',1706,,2929,20,0,7,0
16401,'5399',809,,2931,14,,,0
16401,'5401',809,,2933,14,,,0
