1301,'4332',1604,,1220,6,0,8,0
1301,'4661',1329,,1222,6,0,8,0,310,,1223,6,0,8,0
1301,'4663',1329,,1225,6,0,8,0,310,,1226,6,0,8,0
4200,'4332',1016,,1320,9,,,0,26,,1323,9,,,0,105,,1317,9,,,0,104,,1322,9,,,0,150,,1321,9,,,0,30,,1316,9,,,0,105,,1318,9,,,0,172,,1319,9,,,0
4200,'4661',806,,1326,9,,,0,24,,1331,9,,,0,173,,1328,9,,,0,117,,1329,9,,,0,30,,1327,9,,,0,161,,1325,9,,,0,210,,1324,9,,,0,180,,1333,9,,,0,102,,1332,9,,,0,326,,1334,9,,,0
4200,'4663',806,,1337,9,,,0,24,,1341,9,,,0,173,,1339,9,,,0,117,,1340,9,,,0,30,,1338,9,,,0,161,,1336,9,,,0,210,,1335,9,,,0,180,,1344,9,,,0,102,,1342,9,,,0,326,,1345,9,,,0
4400,'4661',1544,,1384,11,,,0
4400,'4663',1544,,1385,11,,,0
4601,'4661',757,,1410,6,,,0,755,,1411,6,,,0,308,,1409,6,,,0,235,,1412,6,,,0
4601,'4663',757,,1414,6,,,0,755,,1415,6,,,0,308,,1413,6,,,0,235,,1416,6,,,0
