3100,'4332',1055,,1239,8,,,0,180,,1238,4,0,9 7,0,205,,1236,8,,,0,265,,1237,8,,,0
3100,'4677',1055,,1243,8,,,0,180,,1242,4,0,9 7,0,205,,1241,8,,,0,265,,1240,8,,,0
3101,'4332',947,,1248,8,,,0,265,,1247,10,0,7,0,120,,1246,8,,,0,225,,1245,10,,,0
3101,'4677',947,,1253,8,,,0,265,,1252,10,0,7,0,120,,1251,8,,,0,225,,1249,10,,,0
3200,'4663',1254,,1255,13,,,0,690,,1254,13,,,0
3200,'4674',1254,,1257,13,,,0,690,,1256,13,,,0
3201,'4663',1750,,1258,4,,,0
3201,'4674',1750,,1260,4,,,0
16300,'4663',1134,,1844,11,,,0,418,,1842,11,,,0,450,,1843,11,,,0
16300,'4674',1134,,1425,11,,,0,418,,1423,11,,,0,450,,1424,11,,,0
16301,'4663',812,,1845,8,,,0,428,,1846,8,,,0,415,,1847,8,,,0,399,,1848,3,0,9 7,0
16301,'4674',812,,1434,8,,,0,428,,1431,8,,,0,415,,1432,8,,,0,399,,1433,3,0,9 7,0
16400,'4332',1720,,1436,24,,,0
16400,'4677',1720,,1437,24,,,0
16401,'4332',755,,1439,8,,,0
16401,'4677',755,,1440,8,,,0
