3100,'5399',1048,,2732,3,,,0,385,,2730,3,,,0,225,,2729,3,,,0
3100,'5401',1048,,2736,3,,,0,385,,2733,3,,,0,225,,2735,3,,,0
3101,'5399',949,,2741,9,,,0,265,,2740,11,0,7,0,120,,2739,9,,,0,225,,2737,11,,,0
3101,'5401',949,,2746,9,,,0,265,,2745,11,0,7,0,120,,2744,9,,,0,225,,2742,11,,,0
3200,'5335',1256,,2748,14,,,0,690,,2747,14,,,0
3200,'5400',1256,,2750,14,,,0,690,,2749,14,,,0
16300,'5335',1136,,2915,12,,,0,418,,2913,12,,,0,450,,2914,12,,,0
16300,'5400',1136,,2918,12,,,0,418,,2916,12,,,0,450,,2917,12,,,0
16301,'5335',805,,2920,3,,,0,428,,2921,3,,,0,415,,2922,3,,,0
16301,'5400',805,,2925,3,,,0,428,,2927,3,,,0,415,,2926,3,,,0
16400,'5399',1722,,2928,25,,,0
16400,'5401',1722,,2930,25,,,0
16401,'5399',748,,2931,3,,,0
16401,'5401',748,,2933,3,,,0
