3100,'4332',1037,,1239,2,,,0,385,,1236,2,,,0,225,,1237,2,,,0
3100,'4677',1037,,1243,2,,,0,385,,1241,2,,,0,225,,1240,2,,,0
3101,'4332',1008,,1248,15,,,0,345,,1246,15,,,0,265,,1245,17,,,0
3101,'4677',1008,,1253,15,,,0,345,,1251,15,,,0,265,,1249,17,,,0
16301,'4663',754,,1845,2,,,0,468,,1846,2,,,0,415,,1847,2,,,0,407,,1848,2,0,9 7,0
16301,'4674',754,,1434,2,,,0,468,,1431,2,,,0,415,,1432,2,,,0,407,,1433,2,0,9 7,0
16400,'4332',1741,,1436,31,,,0
16400,'4677',1741,,1437,31,,,0
16401,'4332',737,,1439,2,,,0
16401,'4677',737,,1440,2,,,0
