1301,'4332',1602,,1728,3,0,8,0
1301,'4661',1327,,1222,3,0,8,0,310,,1223,3,0,8,0
1301,'4663',807,,1729,3,0,8,0,520,,1730,3,0,8,0,310,,1731,3,0,8,0
1301,'4678',807,,1732,3,0,8,0
1301,'5173',807,,1221,3,0,8,0
4101,'4332',1031,,1758,3,,,0,102,,1759,3,,,0,106,,1760,3,,,0,102,,1761,3,,,0,110,,1762,3,,,0,102,,1763,3,,,0,168,,1764,3,,,0
4101,'4661',726,,1306,3,,,0,115,,1299,3,,,0,102,,1300,3,,,0,102,,1301,3,,,0,106,,1302,3,,,0,102,,1303,3,,,0,150,,1304,3,,,0,206,,1305,3,,,0,102,,1298,3,,,0
4101,'4663',726,,1773,3,,,0,115,,1766,3,,,0,102,,1767,3,,,0,102,,1768,3,,,0,106,,1769,3,,,0,102,,1770,3,,,0,150,,1771,3,,,0,206,,1772,3,,,0,102,,1765,3,,,0
4601,'4661',756,,1410,3,,,0,1063,,1409,3,,,0,235,,1412,3,,,0
4601,'4663',756,,1836,3,,,0,755,,1837,3,,,0,308,,1835,3,,,0,235,,1838,3,,,0
4601,'4678',1511,,1839,3,,,0
4601,'5173',1511,,1411,3,,,0
