1101,'4532',921,,2135,2,,,0,379,,2137,2,,,0,510,,2136,2,,,0
1101,'4623',859,,2132,2,,,0,442,,2134,2,,,0,415,,2133,2,,,0
1101,'5222',859,,2138,2,,,0,442,,2140,2,,,0,415,,2139,2,,,0
1301,'4532',1601,,2166,2,0,8,0
1301,'4623',806,,2163,2,0,8,0,520,,2164,2,0,8,0,310,,2165,2,0,8,0
1301,'5222',806,,2167,2,0,8,0,520,,2168,2,0,8,0,310,,2169,2,0,8,0
1400,'4532',1211,,2173,2,0,5 6 2,0,433,,2174,2,,,0
1400,'4623',612,,2172,2,,,0,624,,2171,2,,,0,408,,2170,2,,,0
1400,'5222',612,,2178,2,,,0,624,,2177,2,,,0,408,,2176,2,,,0
4101,'4532',1030,,2243,2,,,0,102,,2244,2,,,0,106,,2245,2,,,0,102,,2246,2,,,0,110,,2247,2,,,0,102,,2248,2,,,0,168,,2249,2,,,0
4101,'4623',725,,2242,2,,,0,115,,2235,2,,,0,102,,2236,2,,,0,102,,2237,2,,,0,106,,2238,2,,,0,102,,2239,2,,,0,150,,2240,2,,,0,206,,2241,2,,,0,102,,2234,2,,,0
4101,'5222',725,,2258,2,,,0,115,,2251,2,,,0,102,,2252,2,,,0,102,,2253,2,,,0,106,,2254,2,,,0,102,,2255,2,,,0,150,,2256,2,,,0,206,,2257,2,,,0,102,,2250,2,,,0
4200,'4532',1011,,2274,2,,,0,26,,2277,2,,,0,105,,2271,2,,,0,104,,2276,2,,,0,110,,2275,2,,,0,70,,2270,2,,,0,105,,2272,2,,,0,172,,2273,2,,,0
4200,'4623',801,,2262,2,,,0,21,,2267,2,,,0,3,,2265,2,,,0,133,,2260,2,,,0,157,,2264,2,,,0,30,,2263,2,,,0,161,,2261,2,,,0,210,,2259,2,,,0,140,,2268,2,,,0,102,,2266,2,,,0,366,,2269,2,,,0
4200,'5222',801,,2280,2,,,0,21,,2284,2,,,0,3,,2285,2,,,0,133,,2283,2,,,0,157,,2282,2,,,0,30,,2281,2,,,0,161,,2279,2,,,0,210,,2278,2,,,0,140,,2287,2,,,0,102,,2286,2,,,0,366,,2288,2,,,0
4300,'4532',959,,2304,2,,,0,142,,2305,2,,,0,106,,2306,2,,,0,102,,2307,2,,,0,110,,2308,2,,,0,102,,2309,2,,,0,110,,2310,2,,,0,120,,2311,2,,,0
4300,'4623',726,,2301,2,,,0,28,,2290,2,,,0,157,,2292,2,,,0,102,,2293,2,,,0,106,,2294,2,,,0,102,,2291,2,,,0,110,,2289,2,,,0,100,,2295,2,,,0,101,,2297,2,,,0,79,,2299,2,,,0,28,,2298,2,,,0,107,,2296,2,,,0,80,,2302,2,,,0,86,,2300,2,,,0,234,,2303,2,,,0
4300,'5222',726,,2323,2,,,0,28,,2313,2,,,0,157,,2314,2,,,0,102,,2315,2,,,0,106,,2316,2,,,0,102,,2317,2,,,0,110,,2312,2,,,0,100,,2318,2,,,0,101,,2319,2,,,0,79,,2322,2,,,0,28,,2320,2,,,0,107,,2321,2,,,0,80,,2325,2,,,0,86,,2324,2,,,0,234,,2326,2,,,0
4400,'4623',1536,,2327,2,,,0
4400,'5222',1536,,2328,2,,,0
4500,'4532',854,,2342,2,,,0,203,,2339,2,,,0,254,,2340,2,,,0,135,,2341,2,,,0,377,,2338,2,,,0
4500,'4623',702,,2333,2,,,0,119,,2336,2,,,0,198,,2329,2,,,0,187,,2334,2,,,0,210,,2332,2,,,0,195,,2331,2,,,0,115,,2330,2,,,0,97,,2335,2,,,0,395,,2337,2,,,0
4500,'5222',702,,2347,2,,,0,119,,2350,2,,,0,198,,2343,2,,,0,187,,2348,2,,,0,210,,2346,2,,,0,195,,2345,2,,,0,115,,2344,2,,,0,97,,2349,2,,,0,395,,2351,2,,,0
4601,'4623',755,,2353,2,,,0,755,,2354,2,,,0,308,,2352,2,,,0,235,,2355,2,,,0
4601,'5222',755,,2357,2,,,0,755,,2358,2,,,0,308,,2356,2,,,0,235,,2359,2,,,0
16400,'4532',1431,,2376,5,0,7,0
16400,'5212',1431,,2378,2,,,0
