1301,'4332',1607,,1220,12,0,8,0
1301,'4661',1332,,1222,12,0,8,0,310,,1223,12,0,8,0
1301,'4663',1332,,1225,12,0,8,0,310,,1226,12,0,8,0
4200,'4332',1022,,1320,20,,,0,26,,1323,20,,,0,105,,1317,20,,,0,104,,1322,20,,,0,150,,1321,20,,,0,30,,1316,20,,,0,105,,1318,20,,,0,172,,1319,20,,,0
4200,'4661',812,,1326,20,,,0,24,,1331,20,,,0,174,,1328,20,,,0,116,,1329,20,,,0,31,,1327,20,,,0,160,,1325,20,,,0,210,,1324,20,,,0,180,,1333,20,,,0,102,,1332,20,,,0,326,,1334,20,,,0
4200,'4663',812,,1337,20,,,0,24,,1341,20,,,0,174,,1339,20,,,0,116,,1340,20,,,0,31,,1338,20,,,0,160,,1336,20,,,0,210,,1335,20,,,0,180,,1344,20,,,0,102,,1342,20,,,0,326,,1345,20,,,0
4400,'4661',1549,,1384,21,,,0
4400,'4663',1549,,1385,21,,,0
4601,'4661',800,,1410,12,,,0,715,,1411,12,,,0,308,,1409,12,,,0,235,,1412,12,,,0
4601,'4663',800,,1414,12,,,0,715,,1415,12,,,0,308,,1413,12,,,0,235,,1416,12,,,0
