3100,'5399',1052,,2732,6,,,0,180,,2731,2,0,9 7,0,205,,2730,6,,,0,265,,2729,6,,,0
3100,'5401',1052,,2736,6,,,0,180,,2734,2,0,9 7,0,205,,2733,6,,,0,265,,2735,6,,,0
3101,'5399',954,,2741,12,,,0,385,,2739,12,,,0,265,,2737,14,,,0
3101,'5401',954,,2746,12,,,0,385,,2744,12,,,0,265,,2742,14,,,0
3201,'5335',1747,,2751,2,,,0
3201,'5400',1747,,2753,2,,,0
16300,'5335',1141,,2915,15,,,0,418,,2913,15,,,0,450,,2914,15,,,0
16300,'5400',1141,,2918,15,,,0,418,,2916,15,,,0,450,,2917,15,,,0
16301,'5335',809,,2920,6,,,0,428,,2921,6,,,0,415,,2922,6,,,0
16301,'5400',809,,2925,6,,,0,428,,2927,6,,,0,415,,2926,6,,,0
16400,'5399',1727,,2928,28,,,0
16400,'5401',1727,,2930,28,,,0
16401,'5399',752,,2931,6,,,0
16401,'5401',752,,2933,6,,,0
