1100,'4661',1622,,1185,14,,,0
1100,'4663',1622,,1698,14,,,0
1400,'4332',1234,,1733,14,0,5 6 2,0,515,,1735,4,0,5 6,0
1400,'4661',715,,1232,22,,,0,1034,,1230,22,,,0
1400,'4663',715,,1738,22,,,0,617,,1737,15,,,0,417,,1736,22,,,0
1400,'4678',1332,,1739,15,,,0
1400,'5173',1332,,1231,15,,,0
4300,'4332',1004,,1794,4,,,0,102,,1795,4,,,0,106,,1796,4,,,0,102,,1797,4,,,0,110,,1798,4,,,0,102,,1799,4,,,0,110,,1800,4,,,0,120,,1801,4,,,0
4300,'4661',731,,1366,4,,,0,28,,1355,4,,,0,157,,1356,4,,,0,102,,1357,4,,,0,106,,1358,4,,,0,102,,1359,4,,,0,110,,1354,4,,,0,201,,1361,4,,,0,79,,1364,4,,,0,28,,1362,4,,,0,107,,1363,4,,,0,80,,1367,4,,,0,86,,1365,4,,,0,234,,1368,4,,,0
4300,'4663',731,,1814,4,,,0,28,,1803,4,,,0,157,,1805,4,,,0,102,,1806,4,,,0,106,,1807,4,,,0,102,,1804,4,,,0,110,,1802,4,,,0,100,,1808,4,,,0,101,,1809,4,,,0,79,,1812,4,,,0,28,,1810,4,,,0,107,,1811,4,,,0,80,,1815,4,,,0,86,,1813,4,,,0,234,,1816,4,,,0
4300,'4678',1436,,1817,4,,,0
4300,'5173',1436,,1360,4,,,0
4500,'4332',947,,1824,35,,,0,188,,1821,28,,,0,214,,1822,28,,,0,175,,1823,28,,,0,389,,1820,35,,,0
4500,'4661',1109,,1391,35,,,0,135,,1396,28,,,0,262,,1394,35,,,0,310,,1392,35,,,0,85,,1397,28,,,0,407,,1399,35,,,0
4500,'4663',1109,,1825,35,,,0,135,,1830,28,,,0,262,,1828,35,,,0,143,,1827,28,,,0,167,,1826,35,,,0,85,,1831,28,,,0,407,,1833,35,,,0
4500,'4678',1649,,1834,28,,,0
4500,'5173',1649,,1393,28,,,0
