3100,'4332',1049,,1239,4,,,0,385,,1236,4,,,0,225,,1237,4,,,0
3100,'4677',1049,,1243,4,,,0,385,,1241,4,,,0,225,,1240,4,,,0
3101,'4332',950,,1248,10,,,0,265,,1247,12,0,7,0,120,,1246,10,,,0,265,,1245,12,,,0
3101,'4677',950,,1253,10,,,0,265,,1252,12,0,7,0,120,,1251,10,,,0,265,,1249,12,,,0
3200,'4663',1257,,1255,15,,,0,690,,1254,15,,,0
3200,'4674',1257,,1257,15,,,0,690,,1256,15,,,0
16300,'4663',1137,,1422,13,,,0,418,,1420,13,,,0,450,,1421,13,,,0
16300,'4674',1137,,1425,13,,,0,418,,1423,13,,,0,450,,1424,13,,,0
16301,'4663',806,,1427,4,,,0,428,,1428,4,,,0,415,,1429,4,,,0
16301,'4674',806,,1434,4,,,0,428,,1431,4,,,0,415,,1432,4,,,0
16400,'4332',1723,,1436,26,,,0
16400,'4677',1723,,1437,26,,,0
16401,'4332',749,,1439,4,,,0
16401,'4677',749,,1440,4,,,0
