1300,'4663',852,,1724,11,0,8,0
1300,'4678',852,,1727,11,0,8,0
1300,'5173',852,,1214,11,0,8,0
1301,'4663',808,,1729,6,0,8,0
1301,'4678',808,,1732,6,0,8,0
1301,'5173',808,,1221,6,0,8,0
4100,'4332',1059,,1740,18,,,0,142,,1741,18,,,0,106,,1742,18,,,0,102,,1743,18,,,0,110,,1744,18,,,0,105,,1745,18,,,0,125,,1746,18,,,0
4100,'4661',754,,1277,18,,,0,155,,1271,18,,,0,102,,1272,18,,,0,102,,1273,18,,,0,106,,1274,18,,,0,102,,1275,18,,,0,110,,1276,18,,,0,206,,1270,18,,,0,102,,1269,18,,,0,108,,1279,18,,,0,275,,1278,18,,,0
4100,'4663',754,,1755,18,,,0,155,,1749,18,,,0,102,,1750,18,,,0,102,,1751,18,,,0,106,,1753,18,,,0,102,,1754,18,,,0,110,,1752,18,,,0,206,,1748,18,,,0,102,,1747,18,,,0,108,,1756,18,,,0,275,,1757,18,,,0
4400,'4663',1603,,1818,35,,,0
4400,'4678',1603,,1819,35,,,0
4400,'5173',1603,,1384,35,,,0
