1101,'4332',1315,,1703,8,,,0,510,,1702,8,,,0
1101,'4661',1316,,1194,8,,,0
1101,'4663',1316,,1706,8,,,0,415,,1705,8,,,0
1101,'4678',1731,,1708,8,,,0
1101,'5173',1731,,1193,8,,,0
4500,'4332',922,,1824,17,,,0,188,,1821,10,,,0,214,,1822,10,,,0,135,,1823,10,,,0,377,,1820,10,,,0
4500,'4661',730,,1395,19,,,0,119,,1398,19,,,0,183,,1391,10,,,0,187,,1396,10,,,0,210,,1394,10,,,0,310,,1392,10,,,0,97,,1397,10,,,0,395,,1399,10,,,0
4500,'4663',730,,1829,19,,,0,119,,1832,19,,,0,183,,1825,10,,,0,187,,1830,10,,,0,210,,1828,10,,,0,195,,1827,10,,,0,115,,1826,10,,,0,97,,1831,10,,,0,395,,1833,10,,,0
4500,'4678',1624,,1834,10,,,0
4500,'5173',1624,,1393,10,,,0
