1100,'4661',1524,,1185,2,,,0
1100,'4663',1524,,1188,2,,,0
1101,'4332',1024,,1189,14,,,0,387,,1191,17,,,0,510,,1190,17,,,0
1101,'4661',1002,,1192,14,,,0,410,,1194,17,,,0,415,,1193,17,,,0
1101,'4663',1002,,1195,14,,,0,410,,1197,17,,,0,415,,1196,17,,,0
9900,'4661',1532,,1417,4,,,0
9900,'4663',1532,,1418,4,,,0
1000100,'4327',800,,1448,2,,,0,100,,1452,2,,,0,100,,1454,2,,,0,100,,1441,2,,,0,100,,1442,2,,,0,100,,1443,2,,,0,100,,1444,2,,,0,100,,1445,2,,,0,100,,1446,2,,,0,100,,1447,2,,,0,105,,1451,2,,,0,95,,1449,2,,,0,100,,1453,2,,,0,100,,1450,2,,,0
1000100,'4332',800,,1464,2,,,0,100,,1465,2,,,0,100,,1463,2,,,0,100,,1456,2,,,0,100,,1458,2,,,0,100,,1455,2,,,0,100,,1460,2,,,0,100,,1461,2,,,0,100,,1459,2,,,0,100,,1457,2,,,0,105,,1462,2,,,0,95,,1466,2,,,0,100,,1467,2,,,0,105,,1468,2,,,0
1000100,'4661',700,,1483,2,,,0,100,,1471,2,,,0,100,,1469,2,,,0,100,,1472,2,,,0,100,,1470,2,,,0,100,,1473,2,,,0,100,,1474,2,,,0,100,,1475,2,,,0,100,,1476,2,,,0,100,,1477,2,,,0,100,,1478,2,,,0,100,,1479,2,,,0,100,,1480,2,,,0,100,,1481,2,,,0,105,,1482,2,,,0
1000100,'4663',700,,1496,2,,,0,100,,1485,2,,,0,100,,1486,2,,,0,100,,1484,2,,,0,100,,1487,2,,,0,100,,1489,2,,,0,100,,1490,2,,,0,100,,1491,2,,,0,100,,1488,2,,,0,100,,1493,2,,,0,100,,1494,2,,,0,100,,1492,2,,,0,100,,1495,2,,,0,100,,1497,2,,,0,105,,1498,2,,,0
2000101,'4332',830,,1507,2,,,0,100,,1508,2,,,0,100,,1499,2,,,0,100,,1500,2,,,0,100,,1501,2,,,0,100,,1502,2,,,0,100,,1503,2,,,0,100,,1504,2,,,0,100,,1506,2,,,0,100,,1505,2,,,0,100,,1509,2,,,0
2000101,'4661',830,,1511,2,,,0,100,,1510,2,,,0,100,,1512,2,,,0,100,,1514,2,,,0,100,,1515,2,,,0,100,,1516,2,,,0,100,,1513,2,,,0,100,,1517,2,,,0,100,,1518,2,,,0,100,,1519,2,,,0,105,,1520,2,,,0
2000101,'4663',830,,1521,2,,,0,100,,1522,2,,,0,100,,1524,2,,,0,100,,1525,2,,,0,100,,1526,2,,,0,100,,1523,2,,,0,100,,1527,2,,,0,100,,1528,2,,,0,100,,1529,2,,,0,100,,1530,2,,,0,105,,1531,2,,,0,95,,1532,2,,,0,100,,1533,2,,,0
