3100,'4532',1132,,2182,18,4,,0,385,,2179,18,4,,0,225,,2181,18,4,,0
3100,'5212',1132,,2186,18,4,,0,385,,2184,18,4,,0,225,,2183,18,4,,0
3101,'4532',1135,,2190,1,0,7,0,385,,2188,1,,,0,225,,2187,1,0,9 7,0
3101,'5212',1135,,2195,1,0,7,0,385,,2192,1,,,0,225,,2193,1,0,9 7,0
3200,'4623',1219,,2198,4,,,0,690,,2197,4,,,0
3200,'5397',1219,,2200,4,,,0,690,,2199,4,,,0
3201,'4623',1140,,2202,5,,,0,685,,2201,14,,,0
3201,'5397',1140,,2204,5,,,0,685,,2203,14,,,0
16400,'4532',1641,,2376,18,0,7,0
16400,'5212',1641,,2378,15,,,0
16401,'4532',834,,2380,18,,,0,6,,2379,1,,,0
16401,'5212',834,,2381,18,,,0
