301,'4327',746,,1085,2,,,0,100,,1086,2,,,0,100,,1087,2,,,0,100,,1078,2,,,0,100,,1079,2,,,0,100,,1080,2,,,0,100,,1081,2,,,0,100,,1082,2,,,0,100,,1083,2,,,0,100,,1084,2,,,0,100,,1088,2,,,0,100,,1089,2,,,0,100,,1090,2,,,0,100,,1091,2,,,0,100,,1092,2,,,0
301,'4332',746,,1108,2,,,0,70,,1111,2,,,0,30,,1112,2,,,0,70,,1110,2,,,0,30,,1109,2,,,0,70,,1113,2,,,0,30,,1093,2,,,0,70,,1094,2,,,0,30,,1095,2,,,0,70,,1096,2,,,0,30,,1097,2,,,0,70,,1098,2,,,0,30,,1100,2,,,0,70,,1102,2,,,0,30,,1099,2,,,0,70,,1101,2,,,0,30,,1103,2,,,0,70,,1104,2,,,0,30,,1105,2,,,0,70,,1106,2,,,0,30,,1107,2,,,0,70,,1114,2,,,0,30,,1115,2,,,0,100,,1116,2,,,0,100,,1117,2,,,0,100,,1118,2,,,0
301,'4661',646,,1145,2,,,0,100,,1119,2,,,0,70,,1120,2,,,0,30,,1123,2,,,0,70,,1121,2,,,0,30,,1122,2,,,0,70,,1124,2,,,0,30,,1125,2,,,0,70,,1126,2,,,0,30,,1127,2,,,0,70,,1128,2,,,0,30,,1129,2,,,0,70,,1130,2,,,0,30,,1131,2,,,0,70,,1132,2,,,0,30,,1133,2,,,0,70,,1134,2,,,0,30,,1135,2,,,0,70,,1136,2,,,0,30,,1137,2,,,0,70,,1138,2,,,0,30,,1139,2,,,0,75,,1140,2,,,0,25,,1141,2,,,0,100,,1142,2,,,0,100,,1143,2,,,0,100,,1144,2,,,0
301,'4663',646,,1170,2,,,0,100,,1146,2,,,0,70,,1147,2,,,0,30,,1149,2,,,0,70,,1148,2,,,0,30,,1150,2,,,0,70,,1151,2,,,0,30,,1152,2,,,0,70,,1153,2,,,0,30,,1154,2,,,0,70,,1155,2,,,0,30,,1156,2,,,0,70,,1157,2,,,0,30,,1158,2,,,0,70,,1159,2,,,0,30,,1160,2,,,0,70,,1161,2,,,0,30,,1162,2,,,0,70,,1163,2,,,0,30,,1164,2,,,0,70,,1165,2,,,0,30,,1166,2,,,0,75,,1167,2,,,0,25,,1168,2,,,0,70,,1173,2,,,0,30,,1171,2,,,0,70,,1174,2,,,0,30,,1172,2,,,0,70,,1175,2,,,0,30,,1169,2,,,0
1100,'4661',1524,,1185,3,,,0
1100,'4663',1524,,1188,3,,,0
1101,'4332',1024,,1189,15,,,0,387,,1191,18,,,0,510,,1190,18,,,0
1101,'4661',1002,,1192,15,,,0,410,,1194,18,,,0,415,,1193,18,,,0
1101,'4663',1002,,1195,15,,,0,410,,1197,18,,,0,415,,1196,18,,,0
9900,'4661',1532,,1417,5,,,0
9900,'4663',1532,,1418,5,,,0
1000100,'4327',800,,1448,3,,,0,100,,1452,3,,,0,100,,1454,3,,,0,100,,1441,3,,,0,100,,1442,3,,,0,100,,1443,3,,,0,100,,1444,3,,,0,100,,1445,3,,,0,100,,1446,3,,,0,100,,1447,3,,,0,105,,1451,3,,,0,95,,1449,3,,,0,100,,1453,3,,,0,100,,1450,3,,,0
1000100,'4332',800,,1464,3,,,0,100,,1465,3,,,0,100,,1463,3,,,0,100,,1456,3,,,0,100,,1458,3,,,0,100,,1455,3,,,0,100,,1460,3,,,0,100,,1461,3,,,0,100,,1459,3,,,0,100,,1457,3,,,0,105,,1462,3,,,0,95,,1466,3,,,0,100,,1467,3,,,0,105,,1468,3,,,0
1000100,'4661',700,,1483,3,,,0,100,,1471,3,,,0,100,,1469,3,,,0,100,,1472,3,,,0,100,,1470,3,,,0,100,,1473,3,,,0,100,,1474,3,,,0,100,,1475,3,,,0,100,,1476,3,,,0,100,,1477,3,,,0,100,,1478,3,,,0,100,,1479,3,,,0,100,,1480,3,,,0,100,,1481,3,,,0,105,,1482,3,,,0
1000100,'4663',700,,1496,3,,,0,100,,1485,3,,,0,100,,1486,3,,,0,100,,1484,3,,,0,100,,1487,3,,,0,100,,1489,3,,,0,100,,1490,3,,,0,100,,1491,3,,,0,100,,1488,3,,,0,100,,1493,3,,,0,100,,1494,3,,,0,100,,1492,3,,,0,100,,1495,3,,,0,100,,1497,3,,,0,105,,1498,3,,,0
2000101,'4332',830,,1507,3,,,0,100,,1508,3,,,0,100,,1499,3,,,0,100,,1500,3,,,0,100,,1501,3,,,0,100,,1502,3,,,0,100,,1503,3,,,0,100,,1504,3,,,0,100,,1506,3,,,0,100,,1505,3,,,0,100,,1509,3,,,0
2000101,'4661',830,,1511,3,,,0,100,,1510,3,,,0,100,,1512,3,,,0,100,,1514,3,,,0,100,,1515,3,,,0,100,,1516,3,,,0,100,,1513,3,,,0,100,,1517,3,,,0,100,,1518,3,,,0,100,,1519,3,,,0,105,,1520,3,,,0
2000101,'4663',830,,1521,3,,,0,100,,1522,3,,,0,100,,1524,3,,,0,100,,1525,3,,,0,100,,1526,3,,,0,100,,1523,3,,,0,100,,1527,3,,,0,100,,1528,3,,,0,100,,1529,3,,,0,100,,1530,3,,,0,105,,1531,3,,,0,95,,1532,3,,,0,100,,1533,3,,,0
