201,194000,1,0,0
201,194001,2,0,0
201,194084,3,0,0
201,194083,4,0,0
201,194082,5,0,0
201,194080,6,0,0
201,194092,7,0,0
201,194093,8,0,0
201,194094,9,0,0
201,194095,10,0,0
201,194096,11,0,0
201,194098,12,0,0
201,194099,13,0,0
201,194100,14,0,0
201,194030,15,0,0
201,194031,16,0,0
201,194032,17,0,0
201,194033,18,0,0
301,194000,1,0,0
301,194003,2,0,0
301,194005,3,0,0
301,194007,4,0,0
301,194008,5,0,0
301,194015,6,0,0
301,194016,7,0,0
301,194017,8,0,0
301,194018,9,0,0
301,194019,10,0,0
301,194020,11,0,0
301,194021,12,0,0
301,194022,13,0,0
301,194023,14,0,0
301,194024,15,0,0
301,194025,16,0,0
301,194026,17,0,0
301,194027,18,0,0
301,194028,19,0,0
301,194029,20,0,0
301,194014,21,0,0
301,194013,22,0,0
301,194006,23,0,0
301,194004,24,0,0
401,194000,1,0,0
401,194001,2,0,0
401,194035,3,0,0
401,194037,4,0,0
401,194039,5,0,0
401,194041,6,0,0
401,194043,7,0,0
401,194044,8,0,0
401,194046,9,0,0
401,194048,10,0,0
401,194050,11,0,0
401,194052,12,0,0
401,194054,13,0,0
401,194056,14,0,0
401,194058,15,0,0
401,194061,16,0,0
401,194063,17,0,0
401,194065,18,0,0
401,194067,19,0,0
401,194069,20,0,0
401,194071,21,0,0
401,194073,22,0,0
401,194075,23,0,0
401,194077,24,0,0
401,194092,25,0,0
401,194093,26,0,0
401,194094,27,0,0
401,194095,28,0,0
401,194096,29,0,0
401,194098,30,0,0
401,194099,31,0,0
401,194100,32,0,0
401,194084,33,0,0
401,194030,34,0,0
401,194031,35,0,0
401,194032,36,0,0
401,194033,37,0,0
1100,194000,1,0,0
1100,194002,2,0,0
1100,194003,3,0,0
1100,194005,4,0,0
1100,194007,5,0,0
1100,194006,6,0,0
1100,194004,7,0,0
1100,194001,8,0,0
1100,194097,9,0,0
1100,194101,10,0,0
1100,192122,11,0,0
1100,192120,12,0,0
1100,192123,13,0,0
1100,192004,14,0,0
1100,192099,15,0,0
1100,192094,16,0,0
1100,192092,17,0,0
1100,192153,18,0,0
1100,192001,19,1,1
1101,192001,1,0,0
1101,192010,2,0,0
1101,192153,3,0,0
1101,192093,4,0,0
1101,192095,5,0,0
1101,192098,6,0,0
1101,192005,7,0,0
1101,192133,8,0,0
1101,192134,9,0,0
1101,192135,10,0,0
1101,192119,11,0,0
1101,192123,12,0,0
1101,192121,13,0,0
1101,194101,14,0,0
1101,194098,15,0,0
1101,194099,16,0,0
1101,194100,17,0,0
1101,194002,18,0,0
1101,194003,19,0,0
1101,194005,20,0,0
1101,194007,21,0,0
1101,194000,22,1,1
1200,194000,1,0,0
1200,194001,2,0,0
1200,194097,3,0,0
1200,999996,4,0,0
1200,194105,5,0,0
1200,194102,6,0,0
1200,194103,7,0,0
1200,194104,8,0,0
1200,999995,9,0,0
1200,194098,10,0,0
1200,194099,11,0,0
1200,194100,12,0,0
1300,192007,1,0,0
1300,192006,2,0,0
1300,192151,3,0,0
1300,192041,4,0,0
1300,192039,5,0,0
1300,192037,6,0,0
1300,192068,7,0,0
1300,192080,8,0,0
1300,192012,9,0,0
1300,192013,10,0,0
1300,192014,11,0,0
1300,192001,12,1,1
1301,192001,1,0,0
1301,192010,2,0,0
1301,192011,3,0,0
1301,192012,4,0,0
1301,192013,5,0,0
1301,192057,6,0,0
1301,192077,7,0,0
1301,192078,8,0,0
1301,192079,9,0,0
1301,192081,10,0,0
1301,192066,11,0,0
1301,192067,12,0,0
1301,192069,13,0,0
1301,192036,14,0,0
1301,192038,15,0,0
1301,192040,16,0,0
1301,192042,17,0,0
1301,192006,18,0,0
1301,192014,19,0,0
1301,192007,20,1,1
1400,192001,1,0,0
1400,192010,2,0,0
1400,192096,3,0,0
1400,192153,4,0,0
1400,192093,5,0,0
1400,192095,6,0,0
1400,192098,7,0,0
1400,192005,8,0,0
1400,192111,9,0,0
1400,192118,10,0,0
1400,192112,11,0,0
1400,192113,12,0,0
1400,192114,13,0,0
1400,192117,14,0,0
1400,192110,15,0,0
1400,192130,16,0,0
1400,192116,17,0,0
1400,192115,18,0,0
1400,192144,19,0,0
1400,192000,20,0,0
1400,192008,21,0,0
1400,192004,22,0,0
1400,192099,23,0,0
1400,192097,24,0,0
1400,192094,25,0,0
1400,192092,26,0,0
3100,197004,1,0,0
3100,197030,2,0,0
3100,197022,3,0,0
3100,197024,4,0,0
3100,197026,5,0,0
3100,197025,6,0,0
3100,197023,7,0,0
3100,197008,8,0,0
3100,197020,9,0,0
3100,197018,10,0,0
3100,197016,11,0,0
3100,197001,12,0,0
3100,197015,13,0,0
3100,197003,14,0,0
3100,197005,15,0,0
3100,197027,16,0,0
3100,197013,17,0,0
3100,197007,18,1,1
3101,197007,1,0,0
3101,197006,2,0,0
3101,197003,3,0,0
3101,197014,4,0,0
3101,197001,5,0,0
3101,197017,6,0,0
3101,197002,7,0,0
3101,197019,8,0,0
3101,197021,9,0,0
3101,197008,10,0,0
3101,197022,11,0,0
3101,197024,12,0,0
3101,197026,13,0,0
3101,197025,14,0,0
3101,197023,15,0,0
3101,197000,16,0,0
3101,197030,17,0,0
3101,197004,18,1,1
3200,197009,1,0,0
3200,197027,2,0,0
3200,197013,3,0,0
3200,197007,4,0,0
3200,197006,5,0,0
3200,197003,6,0,0
3200,197014,7,0,0
3200,197001,8,0,0
3200,197017,9,0,0
3200,197002,10,0,0
3200,197019,11,0,0
3200,197021,12,0,0
3200,197008,13,0,0
3200,197022,14,0,0
3200,197024,15,0,0
3200,197026,16,1,1
3201,197026,1,0,0
3201,197025,2,0,0
3201,197023,3,0,0
3201,197008,4,0,0
3201,197020,5,0,0
3201,197018,6,0,0
3201,197016,7,0,0
3201,197001,8,0,0
3201,197015,9,0,0
3201,197003,10,0,0
3201,197005,11,0,0
3201,197027,12,0,0
3201,197013,13,0,0
3201,197007,14,0,0
3201,197010,15,0,0
3201,197011,16,0,0
3201,197012,17,0,0
3201,197009,18,1,1
4100,192151,1,0,0
4100,192041,2,0,0
4100,192039,3,0,0
4100,192037,4,0,0
4100,192034,5,0,0
4100,192032,6,0,0
4100,192030,7,0,0
4100,192031,8,0,0
4100,192028,9,0,0
4100,192026,10,0,0
4100,192024,11,0,0
4100,192022,12,0,0
4100,192020,13,0,0
4100,192018,14,0,0
4100,192016,15,0,0
4100,192012,16,0,0
4100,192013,17,0,0
4100,192014,18,0,0
4100,192001,19,1,1
4101,192001,1,0,0
4101,192010,2,0,0
4101,192011,3,0,0
4101,192015,4,0,0
4101,192017,5,0,0
4101,192019,6,0,0
4101,192021,7,0,0
4101,192023,8,0,0
4101,192025,9,0,0
4101,192027,10,0,0
4101,192029,11,0,0
4101,192033,12,0,0
4101,192035,13,0,0
4101,192036,14,0,0
4101,192044,15,0,0
4101,192045,16,0,0
4101,192046,17,0,0
4101,192047,18,0,0
4101,192048,19,0,0
4101,192049,20,0,0
4101,192050,21,0,0
4101,192151,22,1,1
4200,192001,1,0,0
4200,192010,2,0,0
4200,192051,3,0,0
4200,192052,4,0,0
4200,192053,5,0,0
4200,192054,6,0,0
4200,192055,7,0,0
4200,192056,8,0,0
4200,192012,9,0,0
4200,192013,10,0,0
4200,192057,11,0,0
4200,192058,12,0,0
4200,192059,13,0,0
4200,192060,14,0,0
4200,192109,15,0,0
4200,192061,16,0,0
4200,192062,17,0,0
4200,192063,18,0,0
4200,192064,19,0,0
4200,192065,20,0,0
4200,192066,21,0,0
4200,192067,22,0,0
4200,192072,23,0,0
4200,192070,24,0,0
4200,192071,25,0,0
4200,192073,26,0,0
4200,192074,27,0,0
4200,192075,28,0,0
4300,192001,1,0,0
4300,192010,2,0,0
4300,192004,3,0,0
4300,192099,4,0,0
4300,192094,5,0,0
4300,192092,6,0,0
4300,192100,7,0,0
4300,192101,8,0,0
4300,192102,9,0,0
4300,192103,10,0,0
4300,192104,11,0,0
4300,192105,12,0,0
4300,192106,13,0,0
4300,192107,14,0,0
4300,192108,15,0,0
4300,192085,16,0,0
4300,192084,17,0,0
4300,192083,18,0,0
4300,192082,19,0,0
4300,192086,20,0,0
4300,192087,21,0,0
4300,192088,22,0,0
4300,192089,23,0,0
4300,192090,24,0,0
4300,192091,25,0,0
4300,192003,26,0,0
4300,192153,27,0,0
4300,192093,28,0,0
4300,192095,29,0,0
4300,192098,30,0,0
4300,192005,31,0,0
4400,192001,1,0,0
4400,192010,2,0,0
4400,192051,3,0,0
4400,192052,4,0,0
4400,192053,5,0,0
4400,192054,6,0,0
4400,192055,7,0,0
4400,192056,8,0,0
4400,192012,9,0,0
4400,192013,10,0,0
4400,192057,11,0,0
4400,192058,12,0,0
4400,192059,13,0,0
4400,192060,14,0,0
4400,192061,15,0,0
4400,192062,16,0,0
4400,192063,17,0,0
4400,192064,18,0,0
4400,192065,19,0,0
4400,192066,20,0,0
4400,192067,21,0,0
4400,192069,22,0,0
4400,192034,23,0,0
4400,192032,24,0,0
4400,192030,25,0,0
4400,192031,26,0,0
4400,192028,27,0,0
4400,192026,28,0,0
4400,192024,29,0,0
4400,192022,30,0,0
4400,192020,31,0,0
4400,192018,32,0,0
4400,192016,33,0,0
4400,192014,34,0,0
4500,192001,1,0,0
4500,192010,2,0,0
4500,192096,3,0,0
4500,192098,4,0,0
4500,192005,5,0,0
4500,192111,6,0,0
4500,192118,7,0,0
4500,192112,8,0,0
4500,192113,9,0,0
4500,192114,10,0,0
4500,192117,11,0,0
4500,192110,12,0,0
4500,192124,13,0,0
4500,192125,14,0,0
4500,192131,15,0,0
4500,192132,16,0,0
4500,192133,17,0,0
4500,192134,18,0,0
4500,192135,19,0,0
4500,192126,20,0,0
4500,192127,21,0,0
4500,192128,22,0,0
4500,192129,23,0,0
4500,192009,24,0,0
4500,192136,25,0,0
4500,192137,26,0,0
4500,192138,27,0,0
4500,192139,28,0,0
4500,192150,29,0,0
4500,192140,30,0,0
4500,192141,31,0,0
4500,192142,32,0,0
4500,192143,33,0,0
4500,192004,34,0,0
4500,192099,35,0,0
4500,192097,36,0,0
4601,192001,1,0,0
4601,192010,2,0,0
4601,192011,3,0,0
4601,192012,4,0,0
4601,192013,5,0,0
4601,192057,6,0,0
4601,192077,7,0,0
4601,192078,8,0,0
4601,192079,9,0,0
4601,192081,10,0,0
4601,192066,11,0,0
4601,192067,12,0,0
4601,192069,13,0,0
4601,192044,14,0,0
4601,192045,15,0,0
4601,192046,16,0,0
4601,192047,17,0,0
4601,192048,18,0,0
4601,192049,19,0,0
4601,192050,20,0,0
4601,192151,21,0,0
4601,192041,22,0,0
4601,192039,23,0,0
4601,192037,24,0,0
4601,192068,25,0,0
4601,192080,26,0,0
4601,192076,27,0,0
9900,194000,1,0,0
9900,194091,2,0,0
9900,194081,3,0,0
9900,194002,4,0,0
9900,194003,5,0,0
9900,194005,6,0,0
9900,194008,7,0,0
9900,194015,8,0,0
9900,194016,9,0,0
9900,194017,10,0,0
9900,194018,11,0,0
9900,194019,12,0,0
9900,194020,13,0,0
9900,194021,14,0,0
9900,194025,15,0,0
9900,194026,16,0,0
9900,194027,17,0,0
9900,194028,18,0,0
9900,194029,19,0,0
9900,194014,20,0,0
9900,194013,21,0,0
9900,194006,22,0,0
9900,194004,23,0,0
16300,195006,1,0,0
16300,195008,2,0,0
16300,195010,3,0,0
16300,195009,4,0,0
16300,197003,5,0,0
16300,197014,6,0,0
16300,197017,7,0,0
16300,197002,8,0,0
16300,197019,9,0,0
16300,197021,10,0,0
16300,197008,11,0,0
16300,197022,12,0,0
16300,197024,13,0,0
16300,197026,14,0,0
16300,197025,15,0,0
16300,197023,16,0,0
16300,197000,17,0,0
16300,197004,18,1,1
16301,197004,1,0,0
16301,197030,2,0,0
16301,197022,3,0,0
16301,197024,4,0,0
16301,197026,5,0,0
16301,197025,6,0,0
16301,197023,7,0,0
16301,197008,8,0,0
16301,197020,9,0,0
16301,197018,10,0,0
16301,197016,11,0,0
16301,197015,12,0,0
16301,197003,13,0,0
16301,195009,14,0,0
16301,195010,15,0,0
16301,195007,16,0,0
16301,195006,17,1,1
16400,192001,1,0,0
16400,192006,2,0,0
16400,192007,3,0,0
16400,192010,4,0,0
16400,192153,5,0,0
16400,192005,6,0,0
16400,192124,7,0,0
16400,192147,8,0,0
16400,192144,9,0,0
16400,192000,10,0,0
16400,192008,11,0,0
16400,197011,12,0,0
16400,197012,13,0,0
16400,197009,14,0,0
16400,197027,15,0,0
16400,197013,16,0,0
16400,197007,17,0,0
16400,197006,18,0,0
16400,197003,19,0,0
16400,197014,20,0,0
16400,197001,21,0,0
16400,197017,22,0,0
16400,197002,23,0,0
16400,197019,24,0,0
16400,197021,25,0,0
16400,197008,26,0,0
16400,197022,27,0,0
16400,197024,28,0,0
16400,197026,29,0,0
16400,197025,30,0,0
16400,197023,31,0,0
16400,197000,32,0,0
16400,197030,33,0,0
16400,197004,34,1,1
16401,197004,1,0,0
16401,197030,2,0,0
16401,197022,3,0,0
16401,197024,4,0,0
16401,197026,5,0,0
16401,197025,6,0,0
16401,197023,7,0,0
16401,197008,8,0,0
16401,197020,9,0,0
16401,197018,10,0,0
16401,197016,11,0,0
16401,197001,12,0,0
16401,197015,13,0,0
16401,197003,14,0,0
16401,197005,15,0,0
16401,197027,16,0,0
16401,197013,17,0,0
16401,197007,18,0,0
16401,197010,19,0,0
16401,197011,20,0,0
16401,197012,21,0,0
16401,197009,22,0,0
16401,192000,23,0,0
16401,192008,24,0,0
16401,192144,25,0,0
16401,192148,26,0,0
16401,192149,27,0,0
16401,192004,28,0,0
16401,192153,29,0,0
16401,192001,30,0,0
16401,192006,31,0,0
16401,192007,32,0,0
1000100,194000,1,0,0
1000100,194002,2,0,0
1000100,194003,3,0,0
1000100,194010,4,0,0
1000100,194011,5,0,0
1000100,194035,6,0,0
1000100,194037,7,0,0
1000100,194039,8,0,0
1000100,194041,9,0,0
1000100,194043,10,0,0
1000100,194044,11,0,0
1000100,194046,12,0,0
1000100,194048,13,0,0
1000100,194050,14,0,0
1000100,194052,15,0,0
1000100,194054,16,0,0
1000100,194056,17,0,0
1000100,194058,18,0,0
1000100,194061,19,0,0
1000100,194063,20,0,0
1000100,194065,21,0,0
1000100,194067,22,0,0
1000100,194069,23,0,0
1000100,194071,24,0,0
1000100,194073,25,0,0
1000100,194075,26,0,0
1000100,194077,27,0,0
1000100,194079,28,0,0
1000100,194081,29,0,0
1000100,194085,30,0,0
1000100,194086,31,0,0
1000100,194087,32,0,0
1000100,194036,33,0,0
1000100,194034,34,0,0
1000100,194012,35,0,0
1000100,194009,36,0,0
1000100,194004,37,0,0
2000101,194000,1,0,0
2000101,194002,2,0,0
2000101,194003,3,0,0
2000101,194010,4,0,0
2000101,194035,5,0,0
2000101,194037,6,0,0
2000101,194088,7,0,0
2000101,194089,8,0,0
2000101,194090,9,0,0
2000101,194082,10,0,0
2000101,194080,11,0,0
2000101,194078,12,0,0
2000101,194076,13,0,0
2000101,194074,14,0,0
2000101,194072,15,0,0
2000101,194070,16,0,0
2000101,194068,17,0,0
2000101,194066,18,0,0
2000101,194064,19,0,0
2000101,194062,20,0,0
2000101,194060,21,0,0
2000101,194059,22,0,0
2000101,194057,23,0,0
2000101,194055,24,0,0
2000101,194053,25,0,0
2000101,194051,26,0,0
2000101,194049,27,0,0
2000101,194047,28,0,0
2000101,194045,29,0,0
2000101,194042,30,0,0
2000101,194040,31,0,0
2000101,194038,32,0,0
2000101,194036,33,0,0
2000101,194034,34,0,0
2000101,194012,35,0,0
2000101,194009,36,0,0
2000101,194004,37,0,0
