1100,'4332',912,,1693,13,4,,0,337,,1695,13,4,,0,389,,1694,13,4,,0
1100,'4661',1631,,1185,18,4,,0
1100,'4663',753,,1696,13,4,,0,476,,1697,13,4,,0,402,,1698,18,4,,0
1100,'4678',753,,1699,13,4,,0,476,,1700,13,4,,0
1100,'5173',753,,1183,13,4,,0,476,,1184,13,4,,0
1101,'4332',920,,1701,1,,,0,339,,1703,1,,,0,550,,1702,1,,,0
1101,'4661',1300,,1194,1,,,0
1101,'4663',858,,1704,1,,,0,442,,1706,1,,,0,415,,1705,1,,,0
1101,'4678',858,,1707,1,,,0,857,,1708,1,,,0
1101,'5173',858,,1192,1,,,0,857,,1193,1,,,0
1300,'4332',1647,,1723,2,4,,0
1300,'4661',1412,,1215,2,4,,0,310,,1216,2,4,,0
1300,'4663',853,,1724,12,4,,0,559,,1725,2,4,,0,310,,1726,2,4,,0
1300,'4678',853,,1727,12,4,,0
1300,'5173',853,,1214,12,4,,0
1301,'4332',1600,,1728,1,0,8,0
1301,'4661',1325,,1222,1,0,8,0,310,,1223,1,0,8,0
1301,'4663',805,,1729,1,0,8,0,520,,1730,1,0,8,0,310,,1731,1,0,8,0
1301,'4678',805,,1732,1,0,8,0
1301,'5173',805,,1221,1,0,8,0
1400,'4332',1210,,1733,1,0,5 6 2,0,29,,1733,16,4,,0,404,,1734,1,,,0,114,,1735,8,4,,0
1400,'4661',611,,1232,1,,,0,112,,1232,26,4,,0,920,,1230,1,,,0,114,,1230,26,4,,0
1400,'4663',611,,1738,1,,,0,112,,1738,26,4,,0,512,,1737,1,,,0,105,,1737,19,4,,0,303,,1736,1,,,0,114,,1736,26,4,,0
1400,'4678',1235,,1739,1,,,0,105,,1739,19,4,,0
1400,'5173',1235,,1231,1,,,0,105,,1231,19,4,,0
4100,'4332',1100,,1740,19,4,,0,102,,1741,19,4,,0,106,,1742,19,4,,0,102,,1743,19,4,,0,110,,1744,19,4,,0,105,,1745,19,4,,0,125,,1746,19,4,,0
4100,'4661',755,,1277,19,4,,0,155,,1271,19,4,,0,102,,1272,19,4,,0,102,,1273,19,4,,0,106,,1274,19,4,,0,102,,1275,19,4,,0,110,,1276,19,4,,0,206,,1270,19,4,,0,102,,1269,19,4,,0,108,,1279,19,4,,0,275,,1278,19,4,,0
4100,'4663',755,,1755,19,4,,0,155,,1749,19,4,,0,102,,1750,19,4,,0,102,,1751,19,4,,0,106,,1753,19,4,,0,102,,1754,19,4,,0,110,,1752,19,4,,0,206,,1748,19,4,,0,102,,1747,19,4,,0,108,,1756,19,4,,0,275,,1757,19,4,,0
4101,'4332',1030,,1758,1,,,0,102,,1759,1,,,0,106,,1760,1,,,0,102,,1761,1,,,0,110,,1762,1,,,0,102,,1763,1,,,0,168,,1764,1,,,0
4101,'4661',725,,1306,1,,,0,115,,1299,1,,,0,102,,1300,1,,,0,102,,1301,1,,,0,106,,1302,1,,,0,102,,1303,1,,,0,150,,1304,1,,,0,206,,1305,1,,,0,102,,1298,1,,,0
4101,'4663',725,,1773,1,,,0,115,,1766,1,,,0,102,,1767,1,,,0,102,,1768,1,,,0,106,,1769,1,,,0,102,,1770,1,,,0,150,,1771,1,,,0,206,,1772,1,,,0,102,,1765,1,,,0
4200,'4332',1010,,1778,1,,,0,20,,1778,27,4,,0,6,,1781,1,,,0,16,,1781,25,4,,0,89,,1775,1,,,0,60,,1775,27,4,,0,44,,1780,1,,,0,56,,1780,25,4,,0,54,,1779,1,,,0,60,,1779,27,4,,0,10,,1774,1,,,0,16,,1774,25,4,,0,89,,1776,1,,,0,20,,1776,27,4,,0,152,,1777,1,,,0,20,,1777,27,4,,0
4200,'4661',800,,1326,1,,,0,16,,1326,25,4,,0,5,,1330,1,,,0,3,,1331,1,,,0,16,,1331,25,4,,0,117,,1328,1,,,0,61,,1328,28,4,,0,96,,1329,1,,,0,16,,1329,25,4,,0,14,,1327,1,,,0,61,,1327,28,4,,0,100,,1325,1,,,0,16,,1325,25,4,,0,194,,1324,1,,,0,16,,1324,25,4,,0,226,,1332,1,,,0,56,,1332,25,4,,0,310,,1334,1,,,0,16,,1334,25,4,,0
4200,'4663',800,,1784,1,,,0,16,,1784,25,4,,0,5,,1790,1,,,0,3,,1788,1,,,0,16,,1788,25,4,,0,117,,1786,1,,,0,61,,1786,28,4,,0,96,,1787,1,,,0,16,,1787,25,4,,0,14,,1785,1,,,0,61,,1785,28,4,,0,100,,1783,1,,,0,16,,1783,25,4,,0,194,,1782,1,,,0,16,,1782,25,4,,0,124,,1791,1,,,0,56,,1791,25,4,,0,46,,1789,1,,,0,56,,1789,25,4,,0,310,,1792,1,,,0,16,,1792,25,4,,0
4200,'4678',1655,,1793,1,,,0,56,,1793,25,4,,0
4200,'5173',1655,,1333,1,,,0,56,,1333,25,4,,0
4300,'4332',958,,1794,1,,,0,69,,1794,29,4,,0,73,,1795,1,,,0,29,,1795,29,4,,0,77,,1796,1,,,0,29,,1796,29,4,,0,73,,1797,1,,,0,29,,1797,29,4,,0,81,,1798,1,,,0,29,,1798,29,4,,0,73,,1799,1,,,0,29,,1799,29,4,,0,81,,1800,1,,,0,29,,1800,29,4,,0,91,,1801,1,,,0,69,,1801,29,4,,0
4300,'4661',725,,1366,1,,,0,28,,1355,1,,,0,1,,1366,29,4,,0,70,,1355,31,4,,0,86,,1356,1,,,0,29,,1356,29,4,,0,73,,1357,1,,,0,29,,1357,29,4,,0,77,,1358,1,,,0,29,,1358,29,4,,0,73,,1359,1,,,0,29,,1359,29,4,,0,81,,1354,1,,,0,29,,1354,29,4,,0,172,,1361,1,,,0,71,,1361,31,4,,0,8,,1364,1,,,0,28,,1362,1,,,0,1,,1364,29,4,,0,68,,1362,29,4,,0,38,,1363,1,,,0,69,,1363,29,4,,0,11,,1367,1,,,0,29,,1367,29,4,,0,57,,1365,1,,,0,29,,1365,29,4,,0,205,,1368,1,,,0,69,,1368,29,4,,0
4300,'4663',725,,1814,1,,,0,28,,1803,1,,,0,1,,1814,29,4,,0,70,,1803,31,4,,0,86,,1805,1,,,0,29,,1805,29,4,,0,73,,1806,1,,,0,29,,1806,29,4,,0,77,,1807,1,,,0,29,,1807,29,4,,0,73,,1804,1,,,0,29,,1804,29,4,,0,81,,1802,1,,,0,29,,1802,29,4,,0,71,,1808,1,,,0,29,,1808,29,4,,0,72,,1809,1,,,0,71,,1809,31,4,,0,8,,1812,1,,,0,28,,1810,1,,,0,1,,1812,29,4,,0,68,,1810,29,4,,0,38,,1811,1,,,0,69,,1811,29,4,,0,11,,1815,1,,,0,29,,1815,29,4,,0,57,,1813,1,,,0,29,,1813,29,4,,0,205,,1816,1,,,0,69,,1816,29,4,,0
4300,'4678',1430,,1817,1,,,0,29,,1817,29,4,,0
4300,'5173',1430,,1360,1,,,0,29,,1360,29,4,,0
4400,'4663',1535,,1818,1,,,0,69,,1818,36,4,,0
4400,'4678',1535,,1819,1,,,0,69,,1819,36,4,,0
4400,'5173',1535,,1384,1,,,0,69,,1384,36,4,,0
4500,'4332',853,,1824,1,,,0,99,,1824,37,4,,0,104,,1821,1,,,0,84,,1821,30,4,,0,170,,1822,1,,,0,44,,1822,30,4,,0,91,,1823,1,,,0,84,,1823,30,4,,0,293,,1820,1,,,0,96,,1820,37,4,,0
4500,'4661',701,,1395,1,,,0,47,,1395,28,4,,0,72,,1398,1,,,0,87,,1398,28,4,,0,111,,1391,1,,,0,96,,1391,37,4,,0,91,,1396,1,,,0,44,,1396,30,4,,0,166,,1394,1,,,0,96,,1394,37,4,,0,214,,1392,1,,,0,96,,1392,37,4,,0,1,,1397,1,,,0,84,,1397,30,4,,0,311,,1399,1,,,0,96,,1399,37,4,,0
4500,'4663',701,,1829,1,,,0,47,,1829,28,4,,0,72,,1832,1,,,0,87,,1832,28,4,,0,111,,1825,1,,,0,96,,1825,37,4,,0,91,,1830,1,,,0,44,,1830,30,4,,0,166,,1828,1,,,0,96,,1828,37,4,,0,99,,1827,1,,,0,44,,1827,30,4,,0,71,,1826,1,,,0,96,,1826,37,4,,0,1,,1831,1,,,0,84,,1831,30,4,,0,311,,1833,1,,,0,96,,1833,37,4,,0
4500,'4678',1610,,1834,1,,,0,44,,1834,30,4,,0
4500,'5173',1610,,1393,1,,,0,44,,1393,30,4,,0
4601,'4661',754,,1410,1,,,0,65,,1410,28,4,,0,998,,1409,1,,,0,235,,1412,1,,,0
4601,'4663',754,,1836,1,,,0,65,,1836,28,4,,0,690,,1837,1,,,0,25,,1837,28,4,,0,283,,1835,1,,,0,235,,1838,1,,,0
4601,'4678',1509,,1839,1,,,0,25,,1839,28,4,,0
4601,'5173',1509,,1411,1,,,0,25,,1411,28,4,,0
16400,'4332',1357,,1435,1,0,7,0,73,,1435,4,0,7,0
16400,'4677',1430,,1437,1,,,0
16401,'4332',1045,,1439,30,4,,0,1,,1438,13,,,0,73,,1438,16,4,,0
16401,'4677',1045,,1440,30,4,,0
