1100,'4532',903,,2126,10,,,0,337,,2128,10,,,0,389,,2127,10,,,0
1100,'4623',743,,2123,10,,,0,476,,2124,10,,,0,402,,2125,13,,,0
1100,'5222',743,,2129,10,,,0,476,,2130,10,,,0,402,,2131,13,,,0
1400,'4532',1233,,2173,13,0,5 6 2,0,515,,2175,3,0,5 6,0
1400,'4623',714,,2172,21,,,0,617,,2171,14,,,0,417,,2170,21,,,0
1400,'5222',714,,2178,21,,,0,617,,2177,14,,,0,417,,2176,21,,,0
4300,'4532',1003,,2304,3,,,0,102,,2305,3,,,0,106,,2306,3,,,0,102,,2307,3,,,0,110,,2308,3,,,0,102,,2309,3,,,0,110,,2310,3,,,0,120,,2311,3,,,0
4300,'4623',730,,2301,3,,,0,28,,2290,3,,,0,157,,2292,3,,,0,102,,2293,3,,,0,106,,2294,3,,,0,102,,2291,3,,,0,110,,2289,3,,,0,100,,2295,3,,,0,101,,2297,3,,,0,79,,2299,3,,,0,28,,2298,3,,,0,107,,2296,3,,,0,80,,2302,3,,,0,86,,2300,3,,,0,234,,2303,3,,,0
4300,'5222',730,,2323,3,,,0,28,,2313,3,,,0,157,,2314,3,,,0,102,,2315,3,,,0,106,,2316,3,,,0,102,,2317,3,,,0,110,,2312,3,,,0,100,,2318,3,,,0,101,,2319,3,,,0,79,,2322,3,,,0,28,,2320,3,,,0,107,,2321,3,,,0,80,,2325,3,,,0,86,,2324,3,,,0,234,,2326,3,,,0
4500,'4532',946,,2342,34,,,0,188,,2339,27,,,0,214,,2340,27,,,0,175,,2341,27,,,0,389,,2338,34,,,0
4500,'4623',742,,2333,27,,,0,159,,2336,27,,,0,207,,2329,34,,,0,135,,2334,27,,,0,262,,2332,34,,,0,143,,2331,27,,,0,167,,2330,34,,,0,85,,2335,27,,,0,407,,2337,34,,,0
4500,'5222',742,,2347,27,,,0,159,,2350,27,,,0,207,,2343,34,,,0,135,,2348,27,,,0,262,,2346,34,,,0,143,,2345,27,,,0,167,,2344,34,,,0,85,,2349,27,,,0,407,,2351,34,,,0
16401,'4532',1036,,2380,28,,,0,1,,2379,11,,,0
16401,'5212',1036,,2381,28,,,0
