3100,'4332',1030,,1239,1,,,0,385,,1236,1,,,0,225,,1237,1,,,0
3100,'4677',1030,,1243,1,,,0,385,,1241,1,,,0,225,,1240,1,,,0
3101,'4332',1015,,1248,16,4,,0,385,,1246,16,4,,0,225,,1245,18,4,,0
3101,'4677',1015,,1253,16,4,,0,385,,1251,16,4,,0,225,,1249,18,4,,0
16300,'4663',739,,1841,8,4,,0,463,,1844,18,4,,0,418,,1842,18,4,,0,410,,1843,18,4,,0
16300,'4674',739,,1426,8,4,,0,463,,1425,18,4,,0,418,,1423,18,4,,0,410,,1424,18,4,,0
16301,'4663',747,,1845,1,,,0,468,,1846,1,,,0,415,,1847,1,,,0,407,,1848,1,0,9 7,0
16301,'4674',747,,1434,1,,,0,468,,1431,1,,,0,415,,1432,1,,,0,407,,1433,1,0,9 7,0
16400,'4332',1748,,1436,32,4,,0
16400,'4677',1748,,1437,32,4,,0
16401,'4332',730,,1439,1,,,0
16401,'4677',730,,1440,1,,,0
