301,'4332',747,,1626,4,,,0,70,,1629,4,,,0,30,,1630,4,,,0,70,,1628,4,,,0,30,,1627,4,,,0,70,,1631,4,,,0,30,,1611,4,,,0,70,,1612,4,,,0,30,,1613,4,,,0,70,,1614,4,,,0,30,,1615,4,,,0,70,,1616,4,,,0,30,,1618,4,,,0,70,,1620,4,,,0,30,,1617,4,,,0,70,,1619,4,,,0,30,,1621,4,,,0,70,,1622,4,,,0,30,,1623,4,,,0,70,,1624,4,,,0,30,,1625,4,,,0,70,,1114,4,,,0,30,,1115,4,,,0,100,,1116,4,,,0,100,,1117,4,,,0,100,,1118,4,,,0
301,'4663',647,,1656,4,,,0,100,,1632,4,,,0,70,,1633,4,,,0,30,,1635,4,,,0,70,,1634,4,,,0,30,,1636,4,,,0,70,,1637,4,,,0,30,,1638,4,,,0,70,,1639,4,,,0,30,,1640,4,,,0,70,,1641,4,,,0,30,,1642,4,,,0,70,,1643,4,,,0,30,,1644,4,,,0,70,,1645,4,,,0,30,,1646,4,,,0,70,,1647,4,,,0,30,,1648,4,,,0,70,,1649,4,,,0,30,,1650,4,,,0,70,,1651,4,,,0,30,,1652,4,,,0,75,,1653,4,,,0,25,,1654,4,,,0,70,,1659,4,,,0,30,,1657,4,,,0,70,,1660,4,,,0,30,,1658,4,,,0,70,,1661,4,,,0,30,,1655,4,,,0
301,'4678',647,,1688,4,,,0,100,,1662,4,,,0,70,,1663,4,,,0,30,,1666,4,,,0,70,,1664,4,,,0,30,,1665,4,,,0,70,,1667,4,,,0,30,,1668,4,,,0,70,,1669,4,,,0,30,,1670,4,,,0,70,,1671,4,,,0,30,,1672,4,,,0,70,,1673,4,,,0,30,,1674,4,,,0,70,,1675,4,,,0,30,,1676,4,,,0,70,,1677,4,,,0,30,,1678,4,,,0,70,,1679,4,,,0,30,,1680,4,,,0,70,,1681,4,,,0,30,,1682,4,,,0,75,,1683,4,,,0,25,,1684,4,,,0,100,,1685,4,,,0,100,,1686,4,,,0,100,,1687,4,,,0
301,'5173',647,,1145,4,,,0,100,,1119,4,,,0,70,,1120,4,,,0,30,,1123,4,,,0,70,,1121,4,,,0,30,,1122,4,,,0,70,,1124,4,,,0,30,,1125,4,,,0,70,,1126,4,,,0,30,,1127,4,,,0,70,,1128,4,,,0,30,,1129,4,,,0,70,,1130,4,,,0,30,,1131,4,,,0,70,,1132,4,,,0,30,,1133,4,,,0,70,,1134,4,,,0,30,,1135,4,,,0,70,,1136,4,,,0,30,,1137,4,,,0,70,,1138,4,,,0,30,,1139,4,,,0,75,,1140,4,,,0,25,,1141,4,,,0,100,,1142,4,,,0,100,,1143,4,,,0,100,,1144,4,,,0
1100,'4332',758,,1693,2,,,0,377,,1695,2,,,0,389,,1694,2,,,0
1100,'4661',1525,,1185,5,,,0
1100,'4663',638,,1696,2,,,0,476,,1697,2,,,0,411,,1698,5,,,0
1100,'4678',638,,1699,2,,,0,476,,1700,2,,,0
1100,'5173',638,,1183,2,,,0,476,,1184,2,,,0
1101,'4332',1025,,1701,17,,,0,387,,1703,20,,,0,510,,1702,20,,,0
1101,'4661',1413,,1194,20,,,0
1101,'4663',1003,,1704,17,,,0,410,,1706,20,,,0,415,,1705,20,,,0
1101,'4678',1003,,1707,17,,,0,825,,1708,20,,,0
1101,'5173',1003,,1192,17,,,0,825,,1193,20,,,0
