1101,'4332',930,,1701,7,,,0,379,,1703,7,,,0,510,,1702,7,,,0
1101,'4661',1310,,1194,7,,,0
1101,'4663',908,,1704,7,,,0,402,,1706,7,,,0,415,,1705,7,,,0
1101,'4678',908,,1707,7,,,0,817,,1708,7,,,0
1101,'5173',908,,1192,7,,,0,817,,1193,7,,,0
1400,'4332',1215,,1733,5,0,5 6 2,0,438,,1734,7,,,0
1400,'4661',618,,1232,7,,,0,1035,,1230,7,,,0
1400,'4663',618,,1738,7,,,0,627,,1737,7,,,0,408,,1736,7,,,0
1400,'4678',1245,,1739,7,,,0
1400,'5173',1245,,1231,7,,,0
4300,'4332',1021,,1794,28,,,0,102,,1795,28,,,0,106,,1796,28,,,0,102,,1797,28,,,0,110,,1798,28,,,0,102,,1799,28,,,0,110,,1800,28,,,0,160,,1801,28,,,0
4300,'4661',748,,1366,28,,,0,70,,1355,30,,,0,115,,1356,28,,,0,102,,1357,28,,,0,106,,1358,28,,,0,102,,1359,28,,,0,110,,1354,28,,,0,203,,1361,30,,,0,77,,1364,28,,,0,68,,1362,28,,,0,107,,1363,28,,,0,40,,1367,28,,,0,86,,1365,28,,,0,274,,1368,28,,,0
4300,'4663',748,,1814,28,,,0,70,,1803,30,,,0,115,,1805,28,,,0,102,,1806,28,,,0,106,,1807,28,,,0,102,,1804,28,,,0,110,,1802,28,,,0,100,,1808,28,,,0,103,,1809,30,,,0,77,,1812,28,,,0,68,,1810,28,,,0,107,,1811,28,,,0,40,,1815,28,,,0,86,,1813,28,,,0,274,,1816,28,,,0
4300,'4678',1453,,1817,28,,,0
4300,'5173',1453,,1360,28,,,0
4500,'4332',858,,1824,5,,,0,243,,1821,5,,,0,214,,1822,5,,,0,135,,1823,5,,,0,377,,1820,5,,,0
4500,'4661',706,,1395,5,,,0,119,,1398,5,,,0,198,,1391,5,,,0,187,,1396,5,,,0,210,,1394,5,,,0,310,,1392,5,,,0,97,,1397,5,,,0,395,,1399,5,,,0
4500,'4663',706,,1829,5,,,0,119,,1832,5,,,0,198,,1825,5,,,0,187,,1830,5,,,0,210,,1828,5,,,0,195,,1827,5,,,0,115,,1826,5,,,0,97,,1831,5,,,0,395,,1833,5,,,0
4500,'4678',1615,,1834,5,,,0
4500,'5173',1615,,1393,5,,,0
16400,'4332',1439,,1435,7,0,7,0
16400,'4677',1439,,1437,4,,,0
