201,'4532',739,,1970,13,,,0,70,,1972,13,,,0,30,,1973,13,,,0,70,,1974,13,,,0,30,,1971,13,,,0,70,,1969,13,,,0,30,,1954,13,,,0,70,,1955,13,,,0,30,,1956,13,,,0,70,,1957,13,,,0,30,,1959,13,,,0,70,,1958,13,,,0,30,,1960,13,,,0,70,,1961,13,,,0,30,,1962,13,,,0,70,,1963,13,,,0,30,,1964,13,,,0,70,,1965,13,,,0,30,,1966,13,,,0,70,,1968,13,,,0,30,,1967,13,,,0,75,,1975,13,,,0,25,,1976,13,,,0,100,,1977,13,,,0,100,,1978,13,,,0,100,,1979,13,,,0
201,'4623',739,,1925,13,,,0,70,,1926,13,,,0,30,,1928,13,,,0,70,,1929,13,,,0,30,,1927,13,,,0,70,,1930,13,,,0,30,,1931,13,,,0,70,,1932,13,,,0,30,,1933,13,,,0,70,,1934,13,,,0,30,,1935,13,,,0,70,,1937,13,,,0,30,,1936,13,,,0,70,,1938,13,,,0,30,,1939,13,,,0,70,,1940,13,,,0,30,,1941,13,,,0,70,,1942,13,,,0,30,,1943,13,,,0,70,,1944,13,,,0,30,,1946,13,,,0,75,,1945,13,,,0,25,,1947,13,,,0,70,,1951,13,,,0,30,,1949,13,,,0,70,,1952,13,,,0,30,,1950,13,,,0,70,,1953,13,,,0,30,,1948,13,,,0
201,'5221',739,,1987,13,,,0,100,,1988,13,,,0,100,,1989,13,,,0,100,,1980,13,,,0,100,,1981,13,,,0,100,,1982,13,,,0,100,,1983,13,,,0,100,,1985,13,,,0,100,,1984,13,,,0,100,,1986,13,,,0,100,,1991,13,,,0,100,,1992,13,,,0,100,,1993,13,,,0,100,,1990,13,,,0,100,,1994,13,,,0
201,'5222',739,,1996,13,,,0,70,,1995,13,,,0,30,,1997,13,,,0,70,,1998,13,,,0,30,,1999,13,,,0,70,,2000,13,,,0,30,,2001,13,,,0,70,,2002,13,,,0,30,,2004,13,,,0,70,,2003,13,,,0,30,,2005,13,,,0,70,,2006,13,,,0,30,,2007,13,,,0,70,,2008,13,,,0,30,,2009,13,,,0,70,,2010,13,,,0,30,,2011,13,,,0,70,,2012,13,,,0,30,,2013,13,,,0,70,,2015,13,,,0,30,,2014,13,,,0,75,,2016,13,,,0,25,,2017,13,,,0,100,,2019,13,,,0,100,,2020,13,,,0,100,,2018,13,,,0
401,'4623',615,,2120,31,,,0,20,,2119,31,,,0
401,'5222',615,,2122,31,,,0,20,,2121,31,,,0
1101,'4532',1022,,2135,12,,,0,387,,2137,15,,,0,510,,2136,15,,,0
1101,'4623',1000,,2132,12,,,0,410,,2134,15,,,0,415,,2133,15,,,0
1101,'5222',1000,,2138,12,,,0,410,,2140,15,,,0,415,,2139,15,,,0
1200,'4532',746,,2149,4,,,0,377,,2146,4,,,0,388,,2151,4,,,0,502,,2148,4,,,0
1200,'4623',627,,2141,4,,,0,473,,2142,11,,,0,412,,2143,11,,,0,410,,2144,11,,,0
1200,'5222',627,,2152,4,,,0,473,,2153,11,,,0,412,,2154,11,,,0,410,,2155,11,,,0
