3100,'4532',1103,,2182,12,,,0,140,,2180,8,0,9 7,0,205,,2179,12,,,0,265,,2181,12,,,0
3100,'5212',1103,,2186,12,,,0,140,,2185,8,0,9 7,0,205,,2184,12,,,0,265,,2183,12,,,0
3101,'4532',939,,2191,3,,,0,265,,2190,5,0,7,0,120,,2189,3,,,0,225,,2188,5,,,0
3101,'5212',939,,2196,3,,,0,265,,2195,5,0,7,0,120,,2194,3,,,0,225,,2192,5,,,0
3200,'4623',1247,,2198,8,,,0,690,,2197,8,,,0
3200,'5397',1247,,2200,8,,,0,690,,2199,8,,,0
3201,'4623',1757,,2201,8,,,0
3201,'5397',1757,,2203,8,,,0
16400,'4532',1710,,2376,22,0,7,0
16400,'5212',1710,,2378,19,,,0
16401,'4532',805,,2380,12,,,0
16401,'5212',805,,2381,12,,,0
