1301,'4332',1607,,1220,11,0,8,0
1301,'4661',1332,,1222,11,0,8,0,310,,1223,11,0,8,0
1301,'4663',1332,,1225,11,0,8,0,310,,1226,11,0,8,0
4200,'4332',1021,,1320,19,,,0,26,,1323,19,,,0,105,,1317,19,,,0,104,,1322,19,,,0,150,,1321,19,,,0,30,,1316,19,,,0,105,,1318,19,,,0,172,,1319,19,,,0
4200,'4661',811,,1326,19,,,0,24,,1331,19,,,0,174,,1328,19,,,0,116,,1329,19,,,0,31,,1327,19,,,0,160,,1325,19,,,0,210,,1324,19,,,0,180,,1333,19,,,0,102,,1332,19,,,0,326,,1334,19,,,0
4200,'4663',811,,1337,19,,,0,24,,1341,19,,,0,174,,1339,19,,,0,116,,1340,19,,,0,31,,1338,19,,,0,160,,1336,19,,,0,210,,1335,19,,,0,180,,1344,19,,,0,102,,1342,19,,,0,326,,1345,19,,,0
4400,'4661',1549,,1384,20,,,0
4400,'4663',1549,,1385,20,,,0
4601,'4661',800,,1410,11,,,0,715,,1411,11,,,0,308,,1409,11,,,0,235,,1412,11,,,0
4601,'4663',800,,1414,11,,,0,715,,1415,11,,,0,308,,1413,11,,,0,235,,1416,11,,,0
