201,'4327',740,,989,14,,,0,100,,990,14,,,0,100,,991,14,,,0,100,,982,14,,,0,100,,983,14,,,0,100,,984,14,,,0,100,,985,14,,,0,100,,987,14,,,0,100,,986,14,,,0,100,,988,14,,,0,100,,992,14,,,0,100,,993,14,,,0,100,,994,14,,,0,100,,995,14,,,0,100,,996,14,,,0
201,'4332',740,,1013,14,,,0,70,,1015,14,,,0,30,,1016,14,,,0,70,,1017,14,,,0,30,,1014,14,,,0,70,,1012,14,,,0,30,,997,14,,,0,70,,998,14,,,0,30,,999,14,,,0,70,,1000,14,,,0,30,,1002,14,,,0,70,,1001,14,,,0,30,,1003,14,,,0,70,,1004,14,,,0,30,,1005,14,,,0,70,,1006,14,,,0,30,,1007,14,,,0,70,,1008,14,,,0,30,,1009,14,,,0,70,,1011,14,,,0,30,,1010,14,,,0,75,,1018,14,,,0,25,,1019,14,,,0,100,,1020,14,,,0,100,,1021,14,,,0,100,,1022,14,,,0
201,'4661',740,,1023,14,,,0,70,,1024,14,,,0,30,,1025,14,,,0,70,,1026,14,,,0,30,,1027,14,,,0,70,,1028,14,,,0,30,,1029,14,,,0,70,,1030,14,,,0,30,,1032,14,,,0,70,,1031,14,,,0,30,,1033,14,,,0,70,,1034,14,,,0,30,,1035,14,,,0,70,,1036,14,,,0,30,,1037,14,,,0,70,,1038,14,,,0,30,,1039,14,,,0,70,,1040,14,,,0,30,,1041,14,,,0,70,,1043,14,,,0,30,,1042,14,,,0,75,,1044,14,,,0,25,,1045,14,,,0,100,,1047,14,,,0,100,,1048,14,,,0,100,,1046,14,,,0
201,'4663',740,,1049,14,,,0,70,,1050,14,,,0,30,,1052,14,,,0,70,,1053,14,,,0,30,,1051,14,,,0,70,,1054,14,,,0,30,,1055,14,,,0,70,,1056,14,,,0,30,,1057,14,,,0,70,,1058,14,,,0,30,,1059,14,,,0,70,,1061,14,,,0,30,,1060,14,,,0,70,,1062,14,,,0,30,,1063,14,,,0,70,,1064,14,,,0,30,,1065,14,,,0,70,,1066,14,,,0,30,,1067,14,,,0,70,,1068,14,,,0,30,,1069,14,,,0,75,,1070,14,,,0,25,,1071,14,,,0,70,,1075,14,,,0,30,,1073,14,,,0,70,,1076,14,,,0,30,,1074,14,,,0,70,,1077,14,,,0,30,,1072,14,,,0
401,'4661',616,,1177,32,,,0,20,,1176,32,,,0
401,'4663',616,,1179,32,,,0,20,,1178,32,,,0
1101,'4332',1022,,1189,13,,,0,387,,1191,16,,,0,510,,1190,16,,,0
1101,'4661',1000,,1192,13,,,0,410,,1194,16,,,0,415,,1193,16,,,0
1101,'4663',1000,,1195,13,,,0,410,,1197,16,,,0,415,,1196,16,,,0
1200,'4332',746,,1202,5,,,0,377,,1199,5,,,0,388,,1204,5,,,0,502,,1201,5,,,0
1200,'4661',627,,1205,5,,,0,473,,1206,12,,,0,412,,1207,12,,,0,410,,1208,12,,,0
1200,'4663',627,,1209,5,,,0,473,,1210,12,,,0,412,,1211,12,,,0,410,,1212,12,,,0
