1101,'4332',929,,1701,6,,,0,379,,1703,6,,,0,510,,1702,6,,,0
1101,'4661',1309,,1194,6,,,0
1101,'4663',907,,1704,6,,,0,402,,1706,6,,,0,415,,1705,6,,,0
1101,'4678',907,,1707,6,,,0,817,,1708,6,,,0
1101,'5173',907,,1192,6,,,0,817,,1193,6,,,0
1400,'4332',1214,,1733,4,0,5 6 2,0,438,,1734,6,,,0
1400,'4661',617,,1232,6,,,0,1035,,1230,6,,,0
1400,'4663',617,,1738,6,,,0,627,,1737,6,,,0,408,,1736,6,,,0
1400,'4678',1244,,1739,6,,,0
1400,'5173',1244,,1231,6,,,0
4300,'4332',1020,,1794,27,,,0,102,,1795,27,,,0,106,,1796,27,,,0,102,,1797,27,,,0,110,,1798,27,,,0,102,,1799,27,,,0,110,,1800,27,,,0,160,,1801,27,,,0
4300,'4661',747,,1366,27,,,0,70,,1355,29,,,0,115,,1356,27,,,0,102,,1357,27,,,0,106,,1358,27,,,0,102,,1359,27,,,0,110,,1354,27,,,0,203,,1361,29,,,0,77,,1364,27,,,0,68,,1362,27,,,0,107,,1363,27,,,0,40,,1367,27,,,0,86,,1365,27,,,0,274,,1368,27,,,0
4300,'4663',747,,1814,27,,,0,70,,1803,29,,,0,115,,1805,27,,,0,102,,1806,27,,,0,106,,1807,27,,,0,102,,1804,27,,,0,110,,1802,27,,,0,100,,1808,27,,,0,103,,1809,29,,,0,77,,1812,27,,,0,68,,1810,27,,,0,107,,1811,27,,,0,40,,1815,27,,,0,86,,1813,27,,,0,274,,1816,27,,,0
4300,'4678',1452,,1817,27,,,0
4300,'5173',1452,,1360,27,,,0
4500,'4332',857,,1824,4,,,0,243,,1821,4,,,0,214,,1822,4,,,0,135,,1823,4,,,0,377,,1820,4,,,0
4500,'4661',705,,1395,4,,,0,119,,1398,4,,,0,198,,1391,4,,,0,187,,1396,4,,,0,210,,1394,4,,,0,310,,1392,4,,,0,97,,1397,4,,,0,395,,1399,4,,,0
4500,'4663',705,,1829,4,,,0,119,,1832,4,,,0,198,,1825,4,,,0,187,,1830,4,,,0,210,,1828,4,,,0,195,,1827,4,,,0,115,,1826,4,,,0,97,,1831,4,,,0,395,,1833,4,,,0
4500,'4678',1614,,1834,4,,,0
4500,'5173',1614,,1393,4,,,0
