3100,'4332',1053,,1239,7,,,0,180,,1238,3,0,9 7,0,205,,1236,7,,,0,265,,1237,7,,,0
3100,'4677',1053,,1243,7,,,0,180,,1242,3,0,9 7,0,205,,1241,7,,,0,265,,1240,7,,,0
3101,'4332',955,,1248,13,,,0,385,,1246,13,,,0,265,,1245,15,,,0
3101,'4677',955,,1253,13,,,0,385,,1251,13,,,0,265,,1249,15,,,0
3201,'4663',1748,,1258,3,,,0
3201,'4674',1748,,1260,3,,,0
16300,'4663',1142,,1422,16,,,0,458,,1420,16,,,0,410,,1421,16,,,0
16300,'4674',1142,,1425,16,,,0,458,,1423,16,,,0,410,,1424,16,,,0
16301,'4663',810,,1427,7,,,0,428,,1428,7,,,0,415,,1429,7,,,0
16301,'4674',810,,1434,7,,,0,428,,1431,7,,,0,415,,1432,7,,,0
16400,'4332',1728,,1436,29,,,0
16400,'4677',1728,,1437,29,,,0
16401,'4332',753,,1439,7,,,0
16401,'4677',753,,1440,7,,,0
