201,'4332',730,,1550,2,,,0,70,,1552,2,,,0,30,,1553,2,,,0,70,,1554,2,,,0,30,,1551,2,,,0,70,,1549,2,,,0,30,,1534,2,,,0,70,,1535,2,,,0,30,,1536,2,,,0,70,,1537,2,,,0,30,,1539,2,,,0,70,,1538,2,,,0,30,,1540,2,,,0,70,,1541,2,,,0,30,,1542,2,,,0,70,,1543,2,,,0,30,,1544,2,,,0,70,,1545,2,,,0,30,,1546,2,,,0,70,,1548,2,,,0,30,,1547,2,,,0,75,,1555,2,,,0,25,,1019,2,,,0,100,,1020,2,,,0,100,,1021,2,,,0,100,,1022,2,,,0
201,'4663',730,,1556,2,,,0,70,,1557,2,,,0,30,,1559,2,,,0,70,,1560,2,,,0,30,,1558,2,,,0,70,,1561,2,,,0,30,,1562,2,,,0,70,,1563,2,,,0,30,,1564,2,,,0,70,,1565,2,,,0,30,,1566,2,,,0,70,,1568,2,,,0,30,,1567,2,,,0,70,,1569,2,,,0,30,,1570,2,,,0,70,,1571,2,,,0,30,,1572,2,,,0,70,,1573,2,,,0,30,,1574,2,,,0,70,,1575,2,,,0,30,,1576,2,,,0,75,,1577,2,,,0,25,,1578,2,,,0,70,,1582,2,,,0,30,,1580,2,,,0,70,,1583,2,,,0,30,,1581,2,,,0,70,,1584,2,,,0,30,,1579,2,,,0
201,'4678',730,,1585,2,,,0,70,,1586,2,,,0,30,,1587,2,,,0,70,,1588,2,,,0,30,,1589,2,,,0,70,,1590,2,,,0,30,,1591,2,,,0,70,,1592,2,,,0,30,,1594,2,,,0,70,,1593,2,,,0,30,,1595,2,,,0,70,,1596,2,,,0,30,,1597,2,,,0,70,,1598,2,,,0,30,,1599,2,,,0,70,,1600,2,,,0,30,,1601,2,,,0,70,,1602,2,,,0,30,,1603,2,,,0,70,,1605,2,,,0,30,,1604,2,,,0,75,,1606,2,,,0,25,,1607,2,,,0,100,,1609,2,,,0,100,,1610,2,,,0,100,,1608,2,,,0
201,'5173',730,,1023,2,,,0,70,,1024,2,,,0,30,,1025,2,,,0,70,,1026,2,,,0,30,,1027,2,,,0,70,,1028,2,,,0,30,,1029,2,,,0,70,,1030,2,,,0,30,,1032,2,,,0,70,,1031,2,,,0,30,,1033,2,,,0,70,,1034,2,,,0,30,,1035,2,,,0,70,,1036,2,,,0,30,,1037,2,,,0,70,,1038,2,,,0,30,,1039,2,,,0,70,,1040,2,,,0,30,,1041,2,,,0,70,,1043,2,,,0,30,,1042,2,,,0,75,,1044,2,,,0,25,,1045,2,,,0,100,,1047,2,,,0,100,,1048,2,,,0,100,,1046,2,,,0
401,'4663',600,,1690,2,,,0,20,,1689,2,,,0
401,'4678',600,,1692,2,,,0,20,,1691,2,,,0
401,'5173',600,,1177,2,,,0,20,,1176,2,,,0
1100,'4332',759,,1693,5,,,0,377,,1695,5,,,0,389,,1694,5,,,0
1100,'4661',1526,,1185,8,,,0
1100,'4663',639,,1696,5,,,0,476,,1697,5,,,0,411,,1698,8,,,0
1100,'4678',639,,1699,5,,,0,476,,1700,5,,,0
1100,'5173',639,,1183,5,,,0,476,,1184,5,,,0
1200,'4332',1028,,1709,2,,,0,388,,1714,2,,,0,511,,1711,2,,,0
1200,'4661',1422,,1207,2,,,0
1200,'4663',1010,,1717,2,,,0,412,,1718,2,,,0,414,,1719,2,,,0
1200,'4678',1010,,1721,2,,,0,826,,1722,2,,,0
1200,'5173',1010,,1206,2,,,0,826,,1208,2,,,0
