1300,'4661',839,,1214,3,0,8,0
1300,'4663',839,,1217,3,0,8,0
4100,'4332',1045,,1262,1,,,0,102,,1263,1,,,0,106,,1264,1,,,0,102,,1265,1,,,0,150,,1266,1,,,0,105,,1267,1,,,0,125,,1268,1,,,0
4100,'4661',740,,1277,1,,,0,115,,1271,1,,,0,102,,1272,1,,,0,102,,1273,1,,,0,146,,1274,1,,,0,102,,1275,1,,,0,110,,1276,1,,,0,206,,1270,1,,,0,102,,1269,1,,,0,108,,1279,1,,,0,275,,1278,1,,,0
4100,'4663',740,,1288,1,,,0,115,,1282,1,,,0,102,,1283,1,,,0,102,,1284,1,,,0,146,,1286,1,,,0,102,,1287,1,,,0,110,,1285,1,,,0,206,,1281,1,,,0,102,,1280,1,,,0,108,,1289,1,,,0,275,,1290,1,,,0
4101,'4332',1045,,1291,22,4,,0,102,,1292,22,4,,0,106,,1293,22,4,,0,102,,1294,22,4,,0,150,,1295,22,4,,0,102,,1296,22,4,,0,128,,1297,22,4,,0
4101,'4661',740,,1306,22,4,,0,115,,1299,22,4,,0,102,,1300,22,4,,0,102,,1301,22,4,,0,146,,1302,22,4,,0,102,,1303,22,4,,0,110,,1304,22,4,,0,206,,1305,22,4,,0,102,,1298,22,4,,0
4101,'4663',740,,1315,22,4,,0,115,,1308,22,4,,0,102,,1309,22,4,,0,102,,1310,22,4,,0,146,,1311,22,4,,0,102,,1312,22,4,,0,110,,1313,22,4,,0,206,,1314,22,4,,0,102,,1307,22,4,,0
4601,'4661',810,,1410,21,,,0,715,,1411,21,,,0,308,,1409,21,4,,0,275,,1412,21,4,,0
4601,'4663',810,,1414,21,,,0,715,,1415,21,,,0,308,,1413,21,4,,0,275,,1416,21,4,,0
