201,'4327',730,,989,1,,,0,15,,989,20,4,,0,85,,990,1,,,0,15,,990,20,4,,0,85,,991,1,,,0,15,,991,20,4,,0,85,,982,1,,,0,15,,982,20,4,,0,85,,983,1,,,0,15,,983,20,4,,0,85,,984,1,,,0,15,,984,20,4,,0,85,,985,1,,,0,15,,985,20,4,,0,85,,987,1,,,0,15,,987,20,4,,0,85,,986,1,,,0,15,,986,20,4,,0,85,,988,1,,,0,15,,988,20,4,,0,85,,992,1,,,0,15,,992,20,4,,0,85,,993,1,,,0,15,,993,20,4,,0,85,,994,1,,,0,15,,994,20,4,,0,85,,995,1,,,0,15,,995,20,4,,0,85,,996,1,,,0,15,,996,20,4,,0
201,'4332',730,,1013,1,,,0,15,,1013,20,4,,0,55,,1015,1,,,0,15,,1015,20,4,,0,15,,1016,1,,,0,15,,1016,20,4,,0,55,,1017,1,,,0,15,,1017,20,4,,0,15,,1014,1,,,0,15,,1014,20,4,,0,55,,1012,1,,,0,15,,1012,20,4,,0,15,,997,1,,,0,15,,997,20,4,,0,55,,998,1,,,0,15,,998,20,4,,0,15,,999,1,,,0,15,,999,20,4,,0,55,,1000,1,,,0,15,,1000,20,4,,0,15,,1002,1,,,0,15,,1002,20,4,,0,55,,1001,1,,,0,15,,1001,20,4,,0,15,,1003,1,,,0,15,,1003,20,4,,0,55,,1004,1,,,0,15,,1004,20,4,,0,15,,1005,1,,,0,15,,1005,20,4,,0,55,,1006,1,,,0,15,,1006,20,4,,0,15,,1007,1,,,0,15,,1007,20,4,,0,55,,1008,1,,,0,15,,1008,20,4,,0,15,,1009,1,,,0,15,,1009,20,4,,0,55,,1011,1,,,0,15,,1011,20,4,,0,15,,1010,1,,,0,15,,1010,20,4,,0,60,,1018,1,,,0,15,,1018,20,4,,0,10,,1019,1,,,0,15,,1019,20,4,,0,85,,1020,1,,,0,15,,1020,20,4,,0,85,,1021,1,,,0,15,,1021,20,4,,0,85,,1022,1,,,0,15,,1022,20,4,,0
201,'4661',730,,1023,1,,,0,15,,1023,20,4,,0,55,,1024,1,,,0,15,,1024,20,4,,0,15,,1025,1,,,0,15,,1025,20,4,,0,55,,1026,1,,,0,15,,1026,20,4,,0,15,,1027,1,,,0,15,,1027,20,4,,0,55,,1028,1,,,0,15,,1028,20,4,,0,15,,1029,1,,,0,15,,1029,20,4,,0,55,,1030,1,,,0,15,,1030,20,4,,0,15,,1032,1,,,0,15,,1032,20,4,,0,55,,1031,1,,,0,15,,1031,20,4,,0,15,,1033,1,,,0,15,,1033,20,4,,0,55,,1034,1,,,0,15,,1034,20,4,,0,15,,1035,1,,,0,15,,1035,20,4,,0,55,,1036,1,,,0,15,,1036,20,4,,0,15,,1037,1,,,0,15,,1037,20,4,,0,55,,1038,1,,,0,15,,1038,20,4,,0,15,,1039,1,,,0,15,,1039,20,4,,0,55,,1040,1,,,0,15,,1040,20,4,,0,15,,1041,1,,,0,15,,1041,20,4,,0,55,,1043,1,,,0,15,,1043,20,4,,0,15,,1042,1,,,0,15,,1042,20,4,,0,60,,1044,1,,,0,15,,1044,20,4,,0,10,,1045,1,,,0,15,,1045,20,4,,0,85,,1047,1,,,0,15,,1047,20,4,,0,85,,1048,1,,,0,15,,1048,20,4,,0,85,,1046,1,,,0,15,,1046,20,4,,0
201,'4663',730,,1049,1,,,0,15,,1049,20,4,,0,55,,1050,1,,,0,15,,1050,20,4,,0,15,,1052,1,,,0,15,,1052,20,4,,0,55,,1053,1,,,0,15,,1053,20,4,,0,15,,1051,1,,,0,15,,1051,20,4,,0,55,,1054,1,,,0,15,,1054,20,4,,0,15,,1055,1,,,0,15,,1055,20,4,,0,55,,1056,1,,,0,15,,1056,20,4,,0,15,,1057,1,,,0,15,,1057,20,4,,0,55,,1058,1,,,0,15,,1058,20,4,,0,15,,1059,1,,,0,15,,1059,20,4,,0,55,,1061,1,,,0,15,,1061,20,4,,0,15,,1060,1,,,0,15,,1060,20,4,,0,55,,1062,1,,,0,15,,1062,20,4,,0,15,,1063,1,,,0,15,,1063,20,4,,0,55,,1064,1,,,0,15,,1064,20,4,,0,15,,1065,1,,,0,15,,1065,20,4,,0,55,,1066,1,,,0,15,,1066,20,4,,0,15,,1067,1,,,0,15,,1067,20,4,,0,55,,1068,1,,,0,15,,1068,20,4,,0,15,,1069,1,,,0,15,,1069,20,4,,0,60,,1070,1,,,0,15,,1070,20,4,,0,10,,1071,1,,,0,15,,1071,20,4,,0,55,,1075,1,,,0,15,,1075,20,4,,0,15,,1073,1,,,0,15,,1073,20,4,,0,55,,1076,1,,,0,15,,1076,20,4,,0,15,,1074,1,,,0,15,,1074,20,4,,0,55,,1077,1,,,0,15,,1077,20,4,,0,15,,1072,1,,,0,15,,1072,20,4,,0
301,'4327',745,,1085,1,,,0,55,,1085,25,4,,0,45,,1086,1,,,0,55,,1086,25,4,,0,45,,1087,1,,,0,55,,1087,25,4,,0,45,,1078,1,,,0,55,,1078,25,4,,0,45,,1079,1,,,0,55,,1079,25,4,,0,45,,1080,1,,,0,55,,1080,25,4,,0,45,,1081,1,,,0,55,,1081,25,4,,0,45,,1082,1,,,0,55,,1082,25,4,,0,45,,1083,1,,,0,55,,1083,25,4,,0,45,,1084,1,,,0,55,,1084,25,4,,0,45,,1088,1,,,0,55,,1088,25,4,,0,45,,1089,1,,,0,55,,1089,25,4,,0,45,,1090,1,,,0,55,,1090,25,4,,0,45,,1091,1,,,0,55,,1091,25,4,,0,45,,1092,1,,,0,55,,1092,25,4,,0
301,'4332',745,,1108,1,,,0,55,,1108,25,4,,0,15,,1111,1,,,0,15,,1111,25,4,,0,15,,1112,1,,,0,55,,1112,25,4,,0,15,,1110,1,,,0,15,,1110,25,4,,0,15,,1109,1,,,0,55,,1109,25,4,,0,15,,1113,1,,,0,15,,1113,25,4,,0,15,,1093,1,,,0,55,,1093,25,4,,0,15,,1094,1,,,0,15,,1094,25,4,,0,15,,1095,1,,,0,55,,1095,25,4,,0,15,,1096,1,,,0,15,,1096,25,4,,0,15,,1097,1,,,0,55,,1097,25,4,,0,15,,1098,1,,,0,15,,1098,25,4,,0,15,,1100,1,,,0,55,,1100,25,4,,0,15,,1102,1,,,0,15,,1102,25,4,,0,15,,1099,1,,,0,55,,1099,25,4,,0,15,,1101,1,,,0,15,,1101,25,4,,0,15,,1103,1,,,0,55,,1103,25,4,,0,15,,1104,1,,,0,15,,1104,25,4,,0,15,,1105,1,,,0,55,,1105,25,4,,0,15,,1106,1,,,0,15,,1106,25,4,,0,15,,1107,1,,,0,55,,1107,25,4,,0,15,,1114,1,,,0,15,,1114,25,4,,0,15,,1115,1,,,0,55,,1115,25,4,,0,45,,1116,1,,,0,55,,1116,25,4,,0,45,,1117,1,,,0,55,,1117,25,4,,0,45,,1118,1,,,0,55,,1118,25,4,,0
301,'4661',645,,1145,1,,,0,55,,1145,25,4,,0,45,,1119,1,,,0,55,,1119,25,4,,0,15,,1120,1,,,0,15,,1120,25,4,,0,15,,1123,1,,,0,55,,1123,25,4,,0,15,,1121,1,,,0,15,,1121,25,4,,0,15,,1122,1,,,0,55,,1122,25,4,,0,15,,1124,1,,,0,15,,1124,25,4,,0,15,,1125,1,,,0,55,,1125,25,4,,0,15,,1126,1,,,0,15,,1126,25,4,,0,15,,1127,1,,,0,55,,1127,25,4,,0,15,,1128,1,,,0,15,,1128,25,4,,0,15,,1129,1,,,0,55,,1129,25,4,,0,15,,1130,1,,,0,15,,1130,25,4,,0,15,,1131,1,,,0,55,,1131,25,4,,0,15,,1132,1,,,0,15,,1132,25,4,,0,15,,1133,1,,,0,55,,1133,25,4,,0,15,,1134,1,,,0,15,,1134,25,4,,0,15,,1135,1,,,0,55,,1135,25,4,,0,15,,1136,1,,,0,15,,1136,25,4,,0,15,,1137,1,,,0,55,,1137,25,4,,0,15,,1138,1,,,0,15,,1138,25,4,,0,15,,1139,1,,,0,55,,1139,25,4,,0,20,,1140,1,,,0,15,,1140,25,4,,0,10,,1141,1,,,0,55,,1141,25,4,,0,45,,1142,1,,,0,55,,1142,25,4,,0,45,,1143,1,,,0,55,,1143,25,4,,0,45,,1144,1,,,0,55,,1144,25,4,,0
301,'4663',645,,1170,1,,,0,55,,1170,25,4,,0,45,,1146,1,,,0,55,,1146,25,4,,0,15,,1147,1,,,0,15,,1147,25,4,,0,15,,1149,1,,,0,55,,1149,25,4,,0,15,,1148,1,,,0,15,,1148,25,4,,0,15,,1150,1,,,0,55,,1150,25,4,,0,15,,1151,1,,,0,15,,1151,25,4,,0,15,,1152,1,,,0,55,,1152,25,4,,0,15,,1153,1,,,0,15,,1153,25,4,,0,15,,1154,1,,,0,55,,1154,25,4,,0,15,,1155,1,,,0,15,,1155,25,4,,0,15,,1156,1,,,0,55,,1156,25,4,,0,15,,1157,1,,,0,15,,1157,25,4,,0,15,,1158,1,,,0,55,,1158,25,4,,0,15,,1159,1,,,0,15,,1159,25,4,,0,15,,1160,1,,,0,55,,1160,25,4,,0,15,,1161,1,,,0,15,,1161,25,4,,0,15,,1162,1,,,0,55,,1162,25,4,,0,15,,1163,1,,,0,15,,1163,25,4,,0,15,,1164,1,,,0,55,,1164,25,4,,0,15,,1165,1,,,0,15,,1165,25,4,,0,15,,1166,1,,,0,55,,1166,25,4,,0,20,,1167,1,,,0,15,,1167,25,4,,0,10,,1168,1,,,0,55,,1168,25,4,,0,15,,1173,1,,,0,15,,1173,25,4,,0,15,,1171,1,,,0,55,,1171,25,4,,0,15,,1174,1,,,0,15,,1174,25,4,,0,15,,1172,1,,,0,55,,1172,25,4,,0,15,,1175,1,,,0,15,,1175,25,4,,0,15,,1169,1,,,0,55,,1169,25,4,,0
401,'4661',600,,1177,1,,,0,20,,1176,1,,,0,20,,1176,38,4,,0
401,'4663',600,,1179,1,,,0,20,,1179,38,4,,0,20,,1178,38,4,,0
1100,'4332',756,,1180,1,,,0,377,,1182,1,,,0,389,,1181,1,,,0
1100,'4661',636,,1183,1,,,0,476,,1184,1,,,0,411,,1185,1,,,0
1100,'4663',636,,1186,1,,,0,476,,1187,1,,,0,411,,1188,1,,,0
1101,'4332',1028,,1189,18,4,,0,387,,1191,21,4,,0,510,,1190,21,4,,0
1101,'4661',1005,,1192,18,4,,0,410,,1194,21,4,,0,415,,1193,21,4,,0
1101,'4663',1005,,1195,18,4,,0,410,,1197,21,4,,0,415,,1196,21,4,,0
1200,'4332',750,,1202,6,4,,0,278,,1198,1,,,0,100,,1199,6,4,,0,288,,1203,1,,,0,100,,1204,6,4,,0,411,,1200,1,,,0,90,,1201,6,4,,0
1200,'4661',631,,1205,6,4,,0,379,,1206,1,,,0,95,,1206,13,4,,0,317,,1207,1,,,0,95,,1207,13,4,,0,319,,1208,1,,,0,90,,1208,13,4,,0
1200,'4663',631,,1209,6,4,,0,379,,1210,1,,,0,95,,1210,13,4,,0,317,,1211,1,,,0,95,,1211,13,4,,0,319,,1212,1,,,0,90,,1212,13,4,,0
9900,'4661',1505,,1417,1,,,0,37,,1417,24,4,,0
9900,'4663',1505,,1418,1,,,0,37,,1418,24,4,,0
1000100,'4327',800,,1448,1,,,0,21,,1448,38,4,,0,79,,1452,1,,,0,21,,1452,38,4,,0,79,,1454,1,,,0,21,,1454,38,4,,0,79,,1441,1,,,0,21,,1441,38,4,,0,79,,1442,1,,,0,21,,1442,38,4,,0,79,,1443,1,,,0,21,,1443,38,4,,0,79,,1444,1,,,0,21,,1444,38,4,,0,79,,1445,1,,,0,21,,1445,38,4,,0,79,,1446,1,,,0,21,,1446,38,4,,0,79,,1447,1,,,0,21,,1447,38,4,,0,84,,1451,1,,,0,21,,1451,38,4,,0,74,,1449,1,,,0,21,,1449,38,4,,0,79,,1453,1,,,0,21,,1453,38,4,,0,79,,1450,1,,,0,21,,1450,38,4,,0
1000100,'4332',800,,1464,1,,,0,21,,1464,38,4,,0,79,,1465,1,,,0,21,,1465,38,4,,0,79,,1463,1,,,0,21,,1463,38,4,,0,79,,1456,1,,,0,21,,1456,38,4,,0,79,,1458,1,,,0,21,,1458,38,4,,0,79,,1455,1,,,0,21,,1455,38,4,,0,79,,1460,1,,,0,21,,1460,38,4,,0,79,,1461,1,,,0,21,,1461,38,4,,0,79,,1459,1,,,0,21,,1459,38,4,,0,79,,1457,1,,,0,21,,1457,38,4,,0,84,,1462,1,,,0,21,,1462,38,4,,0,74,,1466,1,,,0,21,,1466,38,4,,0,79,,1467,1,,,0,21,,1467,38,4,,0,84,,1468,1,,,0,21,,1468,38,4,,0
1000100,'4661',700,,1483,1,,,0,21,,1483,38,4,,0,79,,1471,1,,,0,21,,1471,38,4,,0,79,,1469,1,,,0,21,,1469,38,4,,0,79,,1472,1,,,0,21,,1472,38,4,,0,79,,1470,1,,,0,21,,1470,38,4,,0,79,,1473,1,,,0,21,,1473,38,4,,0,79,,1474,1,,,0,21,,1474,38,4,,0,79,,1475,1,,,0,21,,1475,38,4,,0,79,,1476,1,,,0,21,,1476,38,4,,0,79,,1477,1,,,0,21,,1477,38,4,,0,79,,1478,1,,,0,21,,1478,38,4,,0,79,,1479,1,,,0,21,,1479,38,4,,0,79,,1480,1,,,0,21,,1480,38,4,,0,79,,1481,1,,,0,21,,1481,38,4,,0,84,,1482,1,,,0,21,,1482,38,4,,0
1000100,'4663',700,,1496,1,,,0,21,,1496,38,4,,0,79,,1485,1,,,0,21,,1485,38,4,,0,79,,1486,1,,,0,21,,1486,38,4,,0,79,,1484,1,,,0,21,,1484,38,4,,0,79,,1487,1,,,0,21,,1487,38,4,,0,79,,1489,1,,,0,21,,1489,38,4,,0,79,,1490,1,,,0,21,,1490,38,4,,0,79,,1491,1,,,0,21,,1491,38,4,,0,79,,1488,1,,,0,21,,1488,38,4,,0,79,,1493,1,,,0,21,,1493,38,4,,0,79,,1494,1,,,0,21,,1494,38,4,,0,79,,1492,1,,,0,21,,1492,38,4,,0,79,,1495,1,,,0,21,,1495,38,4,,0,79,,1497,1,,,0,21,,1497,38,4,,0,84,,1498,1,,,0,21,,1498,38,4,,0
2000101,'4332',830,,1507,1,,,0,21,,1507,38,4,,0,79,,1508,1,,,0,21,,1508,38,4,,0,79,,1499,1,,,0,21,,1499,38,4,,0,79,,1500,1,,,0,21,,1500,38,4,,0,79,,1501,1,,,0,21,,1501,38,4,,0,79,,1502,1,,,0,21,,1502,38,4,,0,79,,1503,1,,,0,21,,1503,38,4,,0,79,,1504,1,,,0,21,,1504,38,4,,0,79,,1506,1,,,0,21,,1506,38,4,,0,79,,1505,1,,,0,21,,1505,38,4,,0,79,,1509,1,,,0,21,,1509,38,4,,0
2000101,'4661',830,,1511,1,,,0,21,,1511,38,4,,0,79,,1510,1,,,0,21,,1510,38,4,,0,79,,1512,1,,,0,21,,1512,38,4,,0,79,,1514,1,,,0,21,,1514,38,4,,0,79,,1515,1,,,0,21,,1515,38,4,,0,79,,1516,1,,,0,21,,1516,38,4,,0,79,,1513,1,,,0,21,,1513,38,4,,0,79,,1517,1,,,0,21,,1517,38,4,,0,79,,1518,1,,,0,21,,1518,38,4,,0,79,,1519,1,,,0,21,,1519,38,4,,0,84,,1520,1,,,0,21,,1520,38,4,,0
2000101,'4663',830,,1521,1,,,0,21,,1521,38,4,,0,79,,1522,1,,,0,21,,1522,38,4,,0,79,,1524,1,,,0,21,,1524,38,4,,0,79,,1525,1,,,0,21,,1525,38,4,,0,79,,1526,1,,,0,21,,1526,38,4,,0,79,,1523,1,,,0,21,,1523,38,4,,0,79,,1527,1,,,0,21,,1527,38,4,,0,79,,1528,1,,,0,21,,1528,38,4,,0,79,,1529,1,,,0,21,,1529,38,4,,0,79,,1530,1,,,0,21,,1530,38,4,,0,84,,1531,1,,,0,21,,1531,38,4,,0,74,,1532,1,,,0,21,,1532,38,4,,0,79,,1533,1,,,0,21,,1533,38,4,,0
