301,'4327',759,,1085,24,,,0,100,,1086,24,,,0,100,,1087,24,,,0,100,,1078,24,,,0,100,,1079,24,,,0,100,,1080,24,,,0,100,,1081,24,,,0,100,,1082,24,,,0,100,,1083,24,,,0,100,,1084,24,,,0,100,,1088,24,,,0,100,,1089,24,,,0,100,,1090,24,,,0,100,,1091,24,,,0,100,,1092,24,,,0
301,'4332',759,,1108,24,,,0,70,,1111,24,,,0,30,,1112,24,,,0,70,,1110,24,,,0,30,,1109,24,,,0,70,,1113,24,,,0,30,,1093,24,,,0,70,,1094,24,,,0,30,,1095,24,,,0,70,,1096,24,,,0,30,,1097,24,,,0,70,,1098,24,,,0,30,,1100,24,,,0,70,,1102,24,,,0,30,,1099,24,,,0,70,,1101,24,,,0,30,,1103,24,,,0,70,,1104,24,,,0,30,,1105,24,,,0,70,,1106,24,,,0,30,,1107,24,,,0,70,,1114,24,,,0,30,,1115,24,,,0,100,,1116,24,,,0,100,,1117,24,,,0,100,,1118,24,,,0
301,'4661',659,,1145,24,,,0,100,,1119,24,,,0,70,,1120,24,,,0,30,,1123,24,,,0,70,,1121,24,,,0,30,,1122,24,,,0,70,,1124,24,,,0,30,,1125,24,,,0,70,,1126,24,,,0,30,,1127,24,,,0,70,,1128,24,,,0,30,,1129,24,,,0,70,,1130,24,,,0,30,,1131,24,,,0,70,,1132,24,,,0,30,,1133,24,,,0,70,,1134,24,,,0,30,,1135,24,,,0,70,,1136,24,,,0,30,,1137,24,,,0,70,,1138,24,,,0,30,,1139,24,,,0,75,,1140,24,,,0,25,,1141,24,,,0,100,,1142,24,,,0,100,,1143,24,,,0,100,,1144,24,,,0
301,'4663',659,,1170,24,,,0,100,,1146,24,,,0,70,,1147,24,,,0,30,,1149,24,,,0,70,,1148,24,,,0,30,,1150,24,,,0,70,,1151,24,,,0,30,,1152,24,,,0,70,,1153,24,,,0,30,,1154,24,,,0,70,,1155,24,,,0,30,,1156,24,,,0,70,,1157,24,,,0,30,,1158,24,,,0,70,,1159,24,,,0,30,,1160,24,,,0,70,,1161,24,,,0,30,,1162,24,,,0,70,,1163,24,,,0,30,,1164,24,,,0,70,,1165,24,,,0,30,,1166,24,,,0,75,,1167,24,,,0,25,,1168,24,,,0,70,,1173,24,,,0,30,,1171,24,,,0,70,,1174,24,,,0,30,,1172,24,,,0,70,,1175,24,,,0,30,,1169,24,,,0
1100,'4332',759,,1180,4,,,0,377,,1182,4,,,0,389,,1181,4,,,0
1100,'4661',639,,1183,4,,,0,476,,1184,4,,,0,411,,1185,7,,,0
1100,'4663',639,,1186,4,,,0,476,,1187,4,,,0,411,,1188,7,,,0
9900,'4661',1541,,1417,23,,,0
9900,'4663',1541,,1418,23,,,0
1000100,'4327',820,,1448,37,,,0,100,,1452,37,,,0,100,,1454,37,,,0,100,,1441,37,,,0,100,,1442,37,,,0,100,,1443,37,,,0,100,,1444,37,,,0,100,,1445,37,,,0,100,,1446,37,,,0,100,,1447,37,,,0,105,,1451,37,,,0,95,,1449,37,,,0,100,,1453,37,,,0,100,,1450,37,,,0
1000100,'4332',820,,1464,37,,,0,100,,1465,37,,,0,100,,1463,37,,,0,100,,1456,37,,,0,100,,1458,37,,,0,100,,1455,37,,,0,100,,1460,37,,,0,100,,1461,37,,,0,100,,1459,37,,,0,100,,1457,37,,,0,105,,1462,37,,,0,95,,1466,37,,,0,100,,1467,37,,,0,105,,1468,37,,,0
1000100,'4661',720,,1483,37,,,0,100,,1471,37,,,0,100,,1469,37,,,0,100,,1472,37,,,0,100,,1470,37,,,0,100,,1473,37,,,0,100,,1474,37,,,0,100,,1475,37,,,0,100,,1476,37,,,0,100,,1477,37,,,0,100,,1478,37,,,0,100,,1479,37,,,0,100,,1480,37,,,0,100,,1481,37,,,0,105,,1482,37,,,0
1000100,'4663',720,,1496,37,,,0,100,,1485,37,,,0,100,,1486,37,,,0,100,,1484,37,,,0,100,,1487,37,,,0,100,,1489,37,,,0,100,,1490,37,,,0,100,,1491,37,,,0,100,,1488,37,,,0,100,,1493,37,,,0,100,,1494,37,,,0,100,,1492,37,,,0,100,,1495,37,,,0,100,,1497,37,,,0,105,,1498,37,,,0
2000101,'4332',851,,1507,37,,,0,100,,1508,37,,,0,100,,1499,37,,,0,100,,1500,37,,,0,100,,1501,37,,,0,100,,1502,37,,,0,100,,1503,37,,,0,100,,1504,37,,,0,100,,1506,37,,,0,100,,1505,37,,,0,100,,1509,37,,,0
2000101,'4661',851,,1511,37,,,0,100,,1510,37,,,0,100,,1512,37,,,0,100,,1514,37,,,0,100,,1515,37,,,0,100,,1516,37,,,0,100,,1513,37,,,0,100,,1517,37,,,0,100,,1518,37,,,0,100,,1519,37,,,0,105,,1520,37,,,0
2000101,'4663',851,,1521,37,,,0,100,,1522,37,,,0,100,,1524,37,,,0,100,,1525,37,,,0,100,,1526,37,,,0,100,,1523,37,,,0,100,,1527,37,,,0,100,,1528,37,,,0,100,,1529,37,,,0,100,,1530,37,,,0,105,,1531,37,,,0,95,,1532,37,,,0,100,,1533,37,,,0
