2,201,'5334',2475,2476,2477,2478,2479,2480,2481,2482,2483,2484,2485,2486,2487,2488,2489,2490,2491,2492,2493,2494,2495,2496,2497,2498,2499,2500
2,201,'5335',2501,2502,2503,2504,2505,2506,2507,2508,2509,2510,2511,2512,2513,2514,2515,2516,2517,2518,2519,2520,2521,2522,2523,2524,2525,2526,2527,2528,2529
2,201,'5398',2530,2531,2532,2533,2534,2535,2536,2537,2538,2539,2540,2541,2542,2543,2544
2,201,'5401',2545,2546,2547,2548,2549,2550,2551,2552,2553,2554,2555,2556,2557,2558,2559,2560,2561,2562,2563,2564,2565,2566,2567,2568,2569,2570
3,301,'5334',2571,2572,2573,2574,2575,2576,2577,2578,2579,2580,2581,2582,2583,2584,2585,2586,2587,2588,2589,2590,2591,2592,2593,2594,2595,2596,2597
3,301,'5335',2598,2599,2600,2601,2602,2603,2604,2605,2606,2607,2608,2609,2610,2611,2612,2613,2614,2615,2616,2617,2618,2619,2620,2621,2622,2623,2624,2625,2626,2627
3,301,'5398',2628,2629,2630,2631,2632,2633,2634,2635,2636,2637,2638,2639,2640,2641,2642
3,301,'5401',2643,2644,2645,2646,2647,2648,2649,2650,2651,2652,2653,2654,2655,2656,2657,2658,2659,2660,2661,2662,2663,2664,2665,2666,2667,2668
4,401,'5334',2669,2670
4,401,'5335',2671,2672
11,1100,'5334',2673,2674,2675
11,1100,'5335',2676,2677,2678
11,1100,'5401',2679,2680,2681
11,1101,'5334',2682,2683,2684
11,1101,'5335',2685,2686,2687
11,1101,'5401',2688,2689,2690
12,1200,'5334',2691,2692,2693,2694
12,1200,'5335',2695,2696,2697,2698
12,1200,'5401',2699,2700,2701,2702,2703,2704,2705
13,1300,'5334',2706,2707,2708
13,1300,'5335',2709,2710,2711
13,1300,'5401',2712
13,1301,'5334',2713,2714,2715
13,1301,'5335',2716,2717,2718
13,1301,'5401',2719
14,1400,'5334',2720,2721,2722
14,1400,'5335',2723,2724,2725
14,1400,'5401',2726,2727,2728
31,3100,'5399',2729,2730,2731,2732
31,3100,'5401',2733,2734,2735,2736
31,3101,'5399',2737,2738,2739,2740,2741
31,3101,'5401',2742,2743,2744,2745,2746
32,3200,'5335',2747,2748
32,3200,'5400',2749,2750
32,3201,'5335',2751,2752
32,3201,'5400',2753,2754
41,4100,'5334',2755,2756,2757,2758,2759,2760,2761,2762,2763,2764,2765
41,4100,'5335',2766,2767,2768,2769,2770,2771,2772,2773,2774,2775,2776
41,4100,'5401',2777,2778,2779,2780,2781,2782,2783
41,4101,'5334',2784,2785,2786,2787,2788,2789,2790,2791,2792
41,4101,'5335',2793,2794,2795,2796,2797,2798,2799,2800,2801
41,4101,'5401',2802,2803,2804,2805,2806,2807,2808
42,4200,'5334',2809,2810,2811,2812,2813,2814,2815,2816,2817,2818,2819
42,4200,'5335',2820,2821,2822,2823,2824,2825,2826,2827,2828,2829,2830
42,4200,'5401',2831,2832,2833,2834,2835,2836,2837,2838
43,4300,'5334',2839,2840,2841,2842,2843,2844,2845,2846,2847,2848,2849,2850,2851,2852,2853
43,4300,'5335',2854,2855,2856,2857,2858,2859,2860,2861,2862,2863,2864,2865,2866,2867,2868
43,4300,'5401',2869,2870,2871,2872,2873,2874,2875,2876
44,4400,'5334',2877
44,4400,'5335',2878
45,4500,'5334',2879,2880,2881,2882,2883,2884,2885,2886,2887
45,4500,'5335',2888,2889,2890,2891,2892,2893,2894,2895,2896
45,4500,'5401',2897,2898,2899,2900,2901
46,4601,'5334',2902,2903,2904,2905
46,4601,'5335',2906,2907,2908,2909
99,9900,'5334',2910
99,9900,'5335',2911
163,16300,'5335',2912,2913,2914,2915
163,16300,'5400',2916,2917,2918,2919
163,16301,'5335',2920,2921,2922,2923
163,16301,'5400',2924,2925,2926,2927
164,16400,'5399',2928
164,16400,'5401',2929,2930
164,16401,'5399',2931
164,16401,'5401',2932,2933
10001,1000100,'5334',2934,2935,2936,2937,2938,2939,2940,2941,2942,2943,2944,2945,2946,2947,2948
10001,1000100,'5335',2949,2950,2951,2952,2953,2954,2955,2956,2957,2958,2959,2960,2961,2962,2963
10001,1000100,'5398',2964,2965,2966,2967,2968,2969,2970,2971,2972,2973,2974,2975,2976,2977
10001,1000100,'5401',2978,2979,2980,2981,2982,2983,2984,2985,2986,2987,2988,2989,2990,2991
20001,2000101,'5334',2992,2993,2994,2995,2996,2997,2998,2999,3000,3001,3002
20001,2000101,'5335',3003,3004,3005,3006,3007,3008,3009,3010,3011,3012,3013,3014,3015
20001,2000101,'5401',3016,3017,3018,3019,3020,3021,3022,3023,3024,3025,3026
