1300,'4661',849,,1214,10,0,8,0
1300,'4663',849,,1217,10,0,8,0
1301,'4332',1603,,1220,5,0,8,0
1301,'4661',808,,1221,5,0,8,0,520,,1222,5,0,8,0,310,,1223,5,0,8,0
1301,'4663',808,,1224,5,0,8,0,520,,1225,5,0,8,0,310,,1226,5,0,8,0
4100,'4332',1056,,1262,17,,,0,102,,1263,17,,,0,146,,1264,17,,,0,102,,1265,17,,,0,110,,1266,17,,,0,105,,1267,17,,,0,125,,1268,17,,,0
4100,'4661',751,,1277,17,,,0,155,,1271,17,,,0,102,,1272,17,,,0,102,,1273,17,,,0,106,,1274,17,,,0,102,,1275,17,,,0,110,,1276,17,,,0,206,,1270,17,,,0,102,,1269,17,,,0,108,,1279,17,,,0,275,,1278,17,,,0
4100,'4663',751,,1288,17,,,0,155,,1282,17,,,0,102,,1283,17,,,0,102,,1284,17,,,0,106,,1286,17,,,0,102,,1287,17,,,0,110,,1285,17,,,0,206,,1281,17,,,0,102,,1280,17,,,0,108,,1289,17,,,0,275,,1290,17,,,0
4200,'4332',1016,,1320,8,,,0,26,,1323,8,,,0,105,,1317,8,,,0,104,,1322,8,,,0,150,,1321,8,,,0,30,,1316,8,,,0,105,,1318,8,,,0,172,,1319,8,,,0
4200,'4661',806,,1326,8,,,0,24,,1331,8,,,0,173,,1328,8,,,0,117,,1329,8,,,0,30,,1327,8,,,0,161,,1325,8,,,0,210,,1324,8,,,0,180,,1333,8,,,0,102,,1332,8,,,0,326,,1334,8,,,0
4200,'4663',806,,1337,8,,,0,24,,1341,8,,,0,173,,1339,8,,,0,117,,1340,8,,,0,30,,1338,8,,,0,161,,1336,8,,,0,210,,1335,8,,,0,180,,1344,8,,,0,102,,1342,8,,,0,326,,1345,8,,,0
4400,'4661',1544,,1384,10,,,0,56,,1384,34,,,0
4400,'4663',1544,,1385,10,,,0,56,,1385,34,,,0
4601,'4661',757,,1410,5,,,0,755,,1411,5,,,0,308,,1409,5,,,0,235,,1412,5,,,0
4601,'4663',757,,1414,5,,,0,755,,1415,5,,,0,308,,1413,5,,,0,235,,1416,5,,,0
